,ACKR,AFGH,AIRT,AKIT,AMAL,AMST,ANAT,AUCD,AUSS,AUST,BASS,BEAG,BEDT,BELS,BERD,BICH,BMAL,BMD,BORD,BORT,BORZ,BOST,BOUV,BOX,BPIC,BRIA,BRIT,BRTR,BRUS,BSJI,BULD,BULM,BULT,CAIR,CANE,CARD,CCRT,CHIH,CHIN,CHOW,CKCS,COTO,CRES,DACH,DALM,DANE,DDBX,DEER,DOBP,ECKR,ESET,ESSP,EURA,FBUL,FCR,FIEL,FINS,GLEN,GOLD,GORD,GPYR,GREE,GREY,GSD,GSHP,GSMD,GSNZ,GWHP,HUSK,ICES,IRIT,ISET,ITGY,IWOF,IWSP,JACK,KEES,KELP,KOMO,KUVZ,LAB,LEON,LHSA,LMUN,MAST,MBLT,MPIN,MPOO,MSNZ,NELK,NEWF,NORF,NOWT,NSDT,OES,OTTR,PAPI,PARS,PBGV,PEMB,PHAR,POM,PTWD,PUG,PULI,PUMI,RHOD,ROTT,SALU,SAMO,SCOT,SCWT,SHAR,SHIB,SHIH,SILK,SKIP,SLOU,SPIN,SPOO,SSHP,SSNZ,STAF,STBD,SVAL,TIBM,TIBS,TIBT,TPOO,TURV,VIZS,VPIN,WEIM,WFOX,WHIP,WHWT,YORK
ACKR,1.000000000000,0.000441864429,0.007615715379,0.001561267588,0.001719220847,0.012866208409,0.000863079320,0.004689875940,0.016179669746,0.004814652950,0.008677454466,0.012020846762,0.007884867412,0.002907363467,0.005225679615,0.014959751610,0.006019820042,0.004600671010,0.005812111404,0.007120071554,0.005195539036,0.012278240142,0.006137061603,0.007163973379,0.005302606634,0.005986685621,0.015414476929,0.011557405519,0.009436532599,0.000370539488,0.008616865968,0.007651142880,0.004339254430,0.004887511514,0.007097981696,0.006416928421,0.011672555389,0.011655824327,0.005634606610,0.000466327115,0.025511602741,0.010590188665,0.008890690081,0.013964547649,0.019264793062,0.004510652457,0.003704066503,0.003902850853,0.003998097194,0.153236124936,0.020254353208,0.050309593281,0.002121862179,0.004665103202,0.008981240511,0.058985512057,0.001137404942,0.008015345237,0.007683886629,0.021489721542,0.008308749994,0.001121026467,0.005821761724,0.003465163959,0.014276958187,0.007414959917,0.009911755675,0.013282487990,0.001803870711,0.005450354472,0.004594898146,0.013236010886,0.008355943677,0.006453327081,0.025391399146,0.017216573297,0.005087050418,0.005736588473,0.002962649087,0.007741514860,0.012887674869,0.006016194265,0.005190167544,0.010959023908,0.002212599169,0.005013228045,0.018046365703,0.007776353598,0.005113480077,0.006105163957,0.007727227155,0.006147753914,0.003330870642,0.047614595439,0.015296660977,0.004210972658,0.012702444961,0.014361713346,0.007832780864,0.004971762836,0.011617099273,0.008474693292,0.012114989826,0.003437344047,0.014348797768,0.009356765078,0.008368191601,0.004238775152,0.000972627131,0.002538757486,0.004355523207,0.007321877600,0.004299655715,0.002203442018,0.003595096274,0.016012219530,0.010037135091,0.002609652633,0.006940429349,0.012489791858,0.003290739078,0.008586140198,0.012046083916,0.003744553572,0.006410749308,0.001005031546,0.003961695320,0.008757519206,0.012055604949,0.003734842607,0.010918020198,0.009125302990,0.005246903361,0.004365392819,0.005130279809,0.004743258645,0.017153241648
AFGH,0.000441864429,1.000000000000,0.000730358548,0.000366602569,0.000414484582,0.000658041083,0.015699360436,0.000534801708,0.000544100073,0.000474240143,0.001161499939,0.000498482001,0.000329607739,0.000436563014,0.000402937348,0.000589224824,0.000627109466,0.000378711690,0.000551401132,0.002941562014,0.005686479212,0.000561469755,0.000500461288,0.000394961115,0.000284865476,0.000472068709,0.000551591498,0.000440780102,0.000444263305,0.000624440424,0.000500559779,0.000464369366,0.000433136168,0.000561557305,0.000831815304,0.000531562011,0.000490769639,0.000685893759,0.000332381926,0.000397251676,0.000370565932,0.000431527336,0.000523361716,0.001312957194,0.002840968414,0.000537938111,0.000389555219,0.000352640027,0.000372859225,0.000515291933,0.000505880303,0.000491337846,0.001001553164,0.000544399245,0.000413978682,0.000321394244,0.000978986395,0.000484639295,0.000466143147,0.000597013071,0.000395942450,0.000299590496,0.000544389992,0.000434379738,0.000609580775,0.000312604965,0.000526437780,0.000628877539,0.000392263446,0.000432921176,0.000306415641,0.000442570993,0.000463850510,0.000372405538,0.000465832829,0.000686269973,0.000459219074,0.000511740953,0.005846693770,0.002548636698,0.000574633934,0.000418460660,0.001998654813,0.000537333709,0.000468037373,0.000462890123,0.001264879648,0.000585708058,0.000355664724,0.000586067990,0.000503698659,0.000364293366,0.000395243641,0.000488747883,0.000483573060,0.000394275462,0.000585793740,0.000668412991,0.000492875686,0.000461268425,0.000668804985,0.000588473525,0.000477561327,0.000337590944,0.000573889723,0.001942294444,0.002838698059,0.000390893608,0.068444424110,0.001077901214,0.000405488261,0.000425598259,0.000519248426,0.000407133444,0.000424336047,0.000658610390,0.000533603407,0.011142286169,0.000493634584,0.000509927875,0.000397445428,0.000483619883,0.001537790545,0.000428716690,0.000362740467,0.005125631398,0.002611104467,0.001648904252,0.000628347751,0.000517909684,0.000531604099,0.000677871891,0.000394079206,0.000387791392,0.000442262732,0.000414450862,0.000581289074
AIRT,0.007615715379,0.000730358548,1.000000000000,0.000762466804,0.000326449946,0.016287635350,0.000458265267,0.011033389513,0.016550603189,0.011294727319,0.004908305569,0.011230860206,0.008794358630,0.002379438477,0.005201322522,0.003897295027,0.003305704058,0.002133178326,0.010029020890,0.012304987836,0.001969344214,0.015398816968,0.008841321984,0.005682348383,0.006572522697,0.003727525650,0.008829520294,0.052323413768,0.006266157015,0.000268653421,0.013465604819,0.007402050763,0.008315663572,0.012960832536,0.006894933847,0.007779107664,0.007327557561,0.006352505105,0.005575006584,0.000315664773,0.011286741674,0.007284583385,0.008393839238,0.005772380009,0.014560339661,0.005497199431,0.005035454515,0.003621795409,0.008012827504,0.007989746282,0.008484934484,0.010976038571,0.003285932206,0.011303921485,0.008907222831,0.003257427881,0.004483067589,0.017625509205,0.015868327771,0.011964131947,0.002000243470,0.000653287345,0.007667092217,0.001415812722,0.008711096427,0.008172961021,0.038636108239,0.007858764740,0.000312506944,0.005136126009,0.021031548605,0.005445553089,0.006203573763,0.003309374659,0.006006587860,0.012513801158,0.006847835074,0.016810564722,0.004074385293,0.005268995391,0.011963221072,0.006366779589,0.001801309345,0.005962733879,0.007182221728,0.006667580072,0.007435383422,0.008690723368,0.005299411359,0.004044559314,0.007274919292,0.008419241575,0.009697573654,0.019531085943,0.008878458308,0.014628085350,0.009255556133,0.015425635014,0.004430405261,0.005964937687,0.004043975438,0.003581416994,0.003010989963,0.004844943875,0.006735958676,0.005904320779,0.018594490668,0.002284555260,0.000487414133,0.001395756429,0.011129139336,0.009410434054,0.001777772804,0.000321872639,0.003789016742,0.016535269721,0.009534769119,0.000970879818,0.003735408776,0.004127368540,0.013938409332,0.010477160961,0.007793107705,0.003984716225,0.003297210413,0.000495418902,0.002562124877,0.006065055602,0.007287202389,0.005143521174,0.004655696473,0.007289668299,0.005154823758,0.006426193092,0.006926852802,0.016618436538,0.034307383262
AKIT,0.001561267588,0.000366602569,0.000762466804,1.000000000000,0.002303830252,0.001846325108,0.000616046520,0.000509791702,0.001442263496,0.001368168143,0.000411099121,0.000476684402,0.002668061665,0.000419752966,0.002715085159,0.000559009421,0.002790921126,0.001153694968,0.000912236541,0.002686248209,0.000433788037,0.000533967433,0.000478494059,0.000381151542,0.003981686045,0.000452474508,0.003643580339,0.003290341169,0.003245832246,0.000316117603,0.001734831919,0.003639653547,0.000416583986,0.000534046615,0.000622486074,0.000506847095,0.003322122679,0.000645292306,0.017974920890,0.005906358844,0.001251468715,0.000415095556,0.000499386265,0.000585381070,0.001809248405,0.000874571416,0.000376114654,0.000341589959,0.000360527838,0.003673186180,0.001215428239,0.001351684738,0.002819961474,0.000518505259,0.002023418757,0.002104815337,0.000355860744,0.001397331318,0.002351205324,0.003994342657,0.000382065374,0.001905702089,0.000518496864,0.007346486692,0.002045970026,0.000303890490,0.001411800078,0.004200333731,0.002165449412,0.001697184035,0.000298038206,0.000425304232,0.001689654337,0.000842799538,0.000952554884,0.001201330467,0.000440656085,0.000488795047,0.000521268434,0.000543215081,0.002753177613,0.002492804536,0.002271259516,0.001895141561,0.001754834426,0.000444035250,0.001551726994,0.000555843116,0.000344427304,0.000556167268,0.001997050084,0.000896560689,0.000381414650,0.002835010632,0.001291823103,0.001791232789,0.001669977859,0.002982383471,0.001912282507,0.001635048580,0.000367028407,0.001639589975,0.001508250797,0.001781515763,0.001377265622,0.001940039896,0.002308724283,0.001345409215,0.000669902201,0.000365361544,0.000390946279,0.001531057661,0.005815425717,0.020608476550,0.001368130910,0.001240321992,0.001610972059,0.000678271607,0.003299748895,0.000487140653,0.000383464658,0.002101494020,0.001559365470,0.000412494238,0.000351058819,0.002763187493,0.001651182768,0.003747694992,0.000594103296,0.000494419941,0.002102329335,0.005091691681,0.000380330161,0.000374470183,0.000953225339,0.000399270958,0.001879499862
AMAL,0.001719220847,0.000414484582,0.000326449946,0.002303830252,1.000000000000,0.003132598743,0.000764444496,0.003477666105,0.004451825353,0.001938530013,0.000472279822,0.001500832338,0.001133611780,0.002037357040,0.001381912758,0.001861511034,0.004518116454,0.002136898343,0.003038042124,0.002228784615,0.001667097153,0.003559308363,0.002061655666,0.001520375586,0.004796903673,0.003580064534,0.003060917403,0.000488920112,0.000493209404,0.000351090917,0.003136681322,0.003766873300,0.000479533108,0.001862790003,0.002983730826,0.004249069370,0.007738610111,0.004239099442,0.001662463658,0.004183679301,0.000404008724,0.003158262215,0.004137860813,0.002081686351,0.002396927953,0.002355796849,0.001728110208,0.003118777963,0.002455134227,0.003366340706,0.003460962583,0.004224446785,0.004436519447,0.002672738482,0.004165232401,0.001096483244,0.001979270806,0.001633220073,0.006607150285,0.002594241728,0.001079500652,0.363077270849,0.004776010823,0.013358033216,0.002886096242,0.001848710384,0.000596595106,0.002203324606,0.170734979363,0.006762850696,0.003397573221,0.002441328957,0.003123533188,0.001500640362,0.004494855153,0.003523518049,0.001981010554,0.006637286223,0.004557249686,0.001870388830,0.010459298959,0.003372734738,0.001725676598,0.000758736315,0.006261115922,0.000516273225,0.003464671885,0.001502302434,0.001491770698,0.002224128030,0.017600104296,0.001242150331,0.000433519005,0.003102325568,0.009178450615,0.000432354505,0.002514481880,0.003880804576,0.000553854563,0.002625587085,0.001473268300,0.001961121808,0.003655247183,0.001024462051,0.001962694025,0.003719447559,0.002433990277,0.000428291236,0.000849155493,0.010417606210,0.000445874889,0.001650701301,0.001405044898,0.002297303386,0.001699762337,0.003597916281,0.000605814620,0.000862648245,0.003896689457,0.002692567291,0.002188573731,0.000542193909,0.001853317120,0.004065584919,0.003441873541,0.000873750839,0.002390894390,0.001630798102,0.001581999036,0.002197878358,0.001908490976,0.002753211393,0.001947478664,0.002370282661,0.002533801563,0.001656125329,0.002287863933
AMST,0.012866208409,0.000658041083,0.016287635350,0.001846325108,0.003132598743,1.000000000000,0.002408672624,0.026540534356,0.019494418479,0.015665788040,0.005133651644,0.023277306861,0.007811985445,0.005211739025,0.011295086279,0.021044757708,0.028433207327,0.009305627536,0.016629122283,0.018836335587,0.003220647046,0.131452226945,0.019689195822,0.041754293132,0.005412134884,0.006525225313,0.016619156716,0.009404465287,0.012332642442,0.001493223474,0.085701000562,0.043572724993,0.097154476115,0.024697904499,0.056620488322,0.021652945262,0.020338947992,0.030554129690,0.002282336114,0.001442906469,0.005867790709,0.015101802484,0.012079025921,0.011659513553,0.014425744136,0.021509067088,0.030747064426,0.005166275242,0.007734754547,0.018328084673,0.011201944201,0.010727001861,0.003262149920,0.089089915221,0.008000688002,0.006998672007,0.003827557164,0.049239754354,0.016206537790,0.016668813803,0.003001217271,0.000450139097,0.024031724245,0.006373740226,0.013325771977,0.010034455144,0.015644835826,0.012917809062,0.001658452076,0.009785738530,0.011741429583,0.007730567267,0.012002894494,0.004696541452,0.012627372813,0.075279277397,0.008920831003,0.008438874028,0.005717482951,0.016715676062,0.020832683907,0.009786309344,0.007723929716,0.014007568830,0.026739284198,0.096821521838,0.017562219661,0.018086403544,0.005643327906,0.011321943890,0.020261792366,0.006285561444,0.016239392927,0.016620729270,0.017860417954,0.008621989245,0.018244984371,0.058691083480,0.007717644497,0.018922372571,0.004488665258,0.012636264209,0.010597429294,0.008771885390,0.008609057801,0.014860826307,0.018232963777,0.009077572500,0.003512869094,0.003710028554,0.016996107624,0.036440980086,0.007942430280,0.003444612324,0.003577885876,0.037530044860,0.017060224453,0.003437231156,0.012100784141,0.007868085969,0.015869774668,0.011230105043,0.135569265647,0.006564165696,0.007151073529,0.003975858429,0.004312514413,0.020307226758,0.016893814103,0.012052383610,0.007766656250,0.022747182868,0.004817319743,0.020917868300,0.020475404385,0.011764411891,0.030893303294
ANAT,0.000863079320,0.015699360436,0.000458265267,0.000616046520,0.000764444496,0.002408672624,1.000000000000,0.004066560438,0.004093702193,0.002724307167,0.002204805224,0.001109145515,0.000518292134,0.001709941870,0.000726068840,0.001687337889,0.002040306675,0.001560781556,0.001410305526,0.000730394261,0.010465479567,0.004327811202,0.003554551387,0.000700574822,0.000604181321,0.000986348769,0.004405361946,0.003342515484,0.005650255134,0.002102791747,0.001119485038,0.004007452597,0.000830394259,0.001478706709,0.010332022704,0.001659050933,0.002734704114,0.007564795736,0.000525184805,0.000707814104,0.000627321256,0.001501307543,0.003246398275,0.006915902722,0.001152833656,0.004716982408,0.000683744491,0.000577614851,0.000642729432,0.001195954857,0.001146451545,0.001599247627,0.000806418446,0.001365389668,0.000762725434,0.000498269045,0.000764503022,0.001042867351,0.000960828720,0.005971586774,0.002264607397,0.000447749020,0.001365331460,0.002346137040,0.005800467076,0.000477456876,0.001257760094,0.008365643124,0.001243079726,0.000829604412,0.001882854306,0.004033859023,0.004611394012,0.006821732482,0.002617489010,0.005638317822,0.002553297302,0.001176999335,0.008494684805,0.005747039427,0.006731539862,0.002061945469,0.001466163685,0.004505485374,0.001518067322,0.000947109286,0.001036085050,0.001658815785,0.000585774631,0.001661706092,0.001135307715,0.002011151356,0.002314399850,0.001062079464,0.001037942708,0.003044673137,0.005377719814,0.004135107127,0.001281521549,0.000940344942,0.003386481403,0.004781812806,0.003346137527,0.002337315992,0.007130996039,0.004673827150,0.003235990468,0.003494323191,0.114999658243,0.003039342581,0.002423047443,0.000803123741,0.001217485672,0.000687509726,0.000798640868,0.002416317973,0.001311133560,0.015257397234,0.002567926003,0.002964389960,0.000708429450,0.001038158448,0.001306743623,0.000814300950,0.000605218284,0.010544553837,0.000877573980,0.003679905326,0.008685820788,0.001176148332,0.004593473545,0.006373050170,0.000697804856,0.000678329183,0.000864600253,0.002497646365,0.001623853957
AUCD,0.004689875940,0.000534801708,0.011033389513,0.000509791702,0.003477666105,0.026540534356,0.004066560438,1.000000000000,0.030563101780,0.011183927266,0.007033870014,0.008001694320,0.007494071038,0.004117272068,0.037839183849,0.011835820902,0.012505449911,0.006020445238,0.068043039424,0.007718462795,0.002894175994,0.009636312698,0.011731714685,0.006253442746,0.005654792476,0.007099245350,0.014186064837,0.005431482250,0.006908064785,0.000433748774,0.009388839389,0.009441383988,0.006442663883,0.013158999997,0.012341763862,0.021982653098,0.010417049480,0.011777579469,0.002234789691,0.000571059252,0.005663035405,0.003963805243,0.006808535947,0.007921417105,0.005316155665,0.008840865132,0.005383554123,0.005106057615,0.006790812134,0.010890732007,0.004692803417,0.009024179182,0.003321589154,0.011141607034,0.014260328485,0.003173343130,0.002004874183,0.010074995674,0.007859582790,0.009119050504,0.007568384754,0.000895649244,0.015496099954,0.014587668748,0.008458231502,0.004066315698,0.007665453983,0.005606937822,0.000560807507,0.007843478756,0.004415751619,0.005073696865,0.009964901203,0.004452279868,0.007512735972,0.017806012425,0.010143437304,0.075320901200,0.005894658727,0.007018982201,0.020933069699,0.005299811473,0.003907852186,0.006365371943,0.007718239589,0.011712944632,0.008524006875,0.010576295446,0.003382842621,0.006327123852,0.014316342794,0.005824655157,0.011396783233,0.019380480074,0.021008241914,0.007373011254,0.010636501534,0.015305083807,0.005701540321,0.018607704244,0.002703874694,0.007481383708,0.005667091242,0.004811991242,0.009932791694,0.010622839747,0.013166340872,0.004478692070,0.001575156486,0.004464813398,0.010341218244,0.006677857367,0.004174761803,0.002541692312,0.002645189089,0.015292343415,0.012037690742,0.009325823749,0.006423462702,0.009252279333,0.025889331250,0.006987617473,0.011033010886,0.005201503514,0.005868094312,0.001661935767,0.002298568192,0.008129521333,0.011950476977,0.007179478951,0.007135935138,0.014093195391,0.003212203973,0.005584762371,0.010731578718,0.007977704396,0.013761694635
AUSS,0.016179669746,0.000544100073,0.016550603189,0.001442263496,0.004451825353,0.019494418479,0.004093702193,0.030563101780,1.000000000000,0.010646529865,0.008540684812,0.010900111553,0.005191452354,0.007992250582,0.045288869638,0.007759764558,0.023886291359,0.004934593636,0.078666616631,0.009244560609,0.002731778083,0.009272175296,0.008271534895,0.005042058478,0.011583554601,0.008194583871,0.011449086496,0.008865384816,0.006341721507,0.000439845170,0.007107358438,0.010220749542,0.003498032680,0.017724620062,0.015150186419,0.054407263331,0.010778291099,0.009975137252,0.001784885077,0.006303485729,0.005832976025,0.004518410848,0.012609521448,0.015451655890,0.010508681338,0.008266661928,0.009905744536,0.005471824283,0.006168981218,0.013072014940,0.011636405507,0.010372408377,0.006785248262,0.013822998786,0.011926897888,0.007263942145,0.003675049018,0.020211587119,0.011229265320,0.016670451460,0.002655852965,0.001451255378,0.011262237683,0.039365334565,0.009565820105,0.001342610376,0.008385401326,0.010106756797,0.005648728878,0.009066853720,0.006093320753,0.007556291956,0.008210524059,0.005448712257,0.013327161599,0.018913188284,0.007861815243,0.053371248865,0.002957470962,0.007940477062,0.017221806422,0.009795406836,0.005797111502,0.008121402556,0.009884563836,0.005563337773,0.006962465331,0.010702644442,0.004148369358,0.007641679827,0.012707352740,0.011233787913,0.009035559878,0.031195629031,0.036947817640,0.009748174270,0.014656013477,0.045399935700,0.003694744570,0.038155711259,0.002622342129,0.015281015649,0.011871509329,0.004907156431,0.006645914817,0.009621100860,0.010084810939,0.002885313560,0.001658642057,0.005590611377,0.008640820928,0.007122236660,0.000886727935,0.003556941741,0.004237035063,0.012010493260,0.010541906011,0.001710912978,0.007879803776,0.007165081316,0.078117546530,0.012203413614,0.008385493900,0.006183605384,0.003686377208,0.001755145758,0.004700898820,0.008551469671,0.010170601668,0.010302516394,0.007502293440,0.016624518856,0.003087656619,0.007926230116,0.011362738570,0.012718239646,0.014109071168
AUST,0.004814652950,0.000474240143,0.011294727319,0.001368168143,0.001938530013,0.015665788040,0.002724307167,0.011183927266,0.010646529865,1.000000000000,0.007992080478,0.011119255908,0.011440790157,0.005879354865,0.005485353755,0.011252437551,0.009201607879,0.003786746109,0.012302354597,0.010645117768,0.001925563273,0.014987465136,0.006691886540,0.009821477288,0.005476543875,0.004114889335,0.009803266645,0.004523327198,0.021858407551,0.000393040596,0.011069744434,0.005931051951,0.005538030930,0.019348066655,0.010490704066,0.007798651696,0.005231181746,0.010946212903,0.003260238399,0.000502533726,0.010596479523,0.005682855273,0.009737306767,0.006507960114,0.012085175434,0.005814278354,0.005829726220,0.006061593270,0.005405545566,0.007001696223,0.009134338994,0.007942581418,0.002818884771,0.020304356862,0.006446840625,0.008571815661,0.001980482882,0.014679346738,0.008145792457,0.009641998781,0.004344635501,0.000355807319,0.005085531093,0.002798031401,0.007785081473,0.003575460996,0.005792991979,0.010090189777,0.000494577585,0.004776757320,0.019988950929,0.005818045840,0.008358021521,0.003321885228,0.007674802018,0.038870110228,0.005084871116,0.013168387232,0.003207480048,0.005735217622,0.008925574200,0.005749119076,0.005050741643,0.008274386254,0.005964134354,0.008629069940,0.010254126443,0.008954489793,0.005330869386,0.006690702478,0.007055939207,0.014840492864,0.024154856812,0.006065893408,0.009046744294,0.005475980155,0.018197614570,0.024529594810,0.006264726717,0.006086358270,0.001919814144,0.010143505564,0.006049507854,0.008892293637,0.008386708121,0.005292500323,0.008137637500,0.004387098465,0.001144633640,0.003999035460,0.017299799162,0.015227462236,0.002997881774,0.003767709553,0.008136993831,0.272716844822,0.007811286800,0.001169286482,0.008408481841,0.005455338142,0.005813955745,0.010288691196,0.017483533664,0.003487345898,0.003403614520,0.001189778762,0.004431575923,0.007452625417,0.013036695266,0.008011110185,0.004772702371,0.010788350680,0.004815464224,0.010259001410,0.007846488517,0.012596789000,0.098958881063
BASS,0.008677454466,0.001161499939,0.004908305569,0.000411099121,0.000472279822,0.005133651644,0.002204805224,0.007033870014,0.008540684812,0.007992080478,1.000000000000,0.044162449070,0.007106619160,0.003840365010,0.004600920919,0.008341454782,0.006091959497,0.003801566254,0.005519216330,0.004057957180,0.003611701574,0.007299374360,0.005473005653,0.004572147762,0.002388251212,0.006967030394,0.011943581451,0.005576100320,0.006835821891,0.000360178659,0.003602357741,0.004143327102,0.005455888069,0.009004319232,0.004414130339,0.006518113399,0.010834575663,0.008561324950,0.002087624088,0.000450034945,0.003977746011,0.004249090836,0.006007613079,0.013930635132,0.009851830911,0.007244643543,0.004261866490,0.003225630457,0.004694988757,0.008587954794,0.008308844552,0.006207205549,0.004875608424,0.005329479445,0.003939639550,0.004205787134,0.003684533725,0.006514840188,0.004339128534,0.011183236992,0.004668504440,0.000328661584,0.005535633249,0.004744629943,0.012441149941,0.002948091379,0.005500884883,0.016894356385,0.001281582036,0.002163122566,0.005663547342,0.006546986742,0.004168689316,0.005163514503,0.009957262349,0.009649824636,0.005851885053,0.006615375883,0.009048222855,0.004879449006,0.004693008226,0.003384099994,0.002703748504,0.012410250302,0.004263442902,0.006689212444,0.006603454049,0.006036865803,0.004874197329,0.003403763446,0.008373952779,0.004054041781,0.004929585109,0.004492242892,0.008447131272,0.033051351731,0.007002516475,0.008805593934,0.034219778979,0.004988847886,0.005699195559,0.004683937851,0.004729054559,0.010652517223,0.008858788849,0.004170339901,0.005094940354,0.004944294469,0.001956787871,0.001177001957,0.003975574470,0.003482504677,0.001456695237,0.001785662007,0.002258937064,0.009741116007,0.005150506230,0.000919662105,0.008740703356,0.008028902563,0.003063618091,0.008472563938,0.006747723009,0.004749584471,0.003806664973,0.000932291517,0.003564674935,0.002571953788,0.007178862988,0.005017543521,0.008877562240,0.006436356920,0.004682261493,0.009178722432,0.004377479431,0.006525478548,0.008747303057
BEAG,0.012020846762,0.000498482001,0.011230860206,0.000476684402,0.001500832338,0.023277306861,0.001109145515,0.008001694320,0.010900111553,0.011119255908,0.044162449070,1.000000000000,0.011789340589,0.003031428040,0.005069490827,0.009883128676,0.009135521257,0.004307587750,0.008764648960,0.011043919770,0.001919121383,0.015583904956,0.004561624379,0.008057696856,0.002104373161,0.004816524447,0.010482258479,0.005081220735,0.004973073677,0.000409547270,0.008459526006,0.007030893692,0.009884249129,0.011805049954,0.006557232399,0.008269842282,0.009635271078,0.010709392805,0.002426845359,0.000529837721,0.008726481343,0.008180172678,0.010948835342,0.016175837470,0.013243979558,0.005676938637,0.002272758991,0.003738961564,0.003239272945,0.016962178460,0.009549888080,0.013745043441,0.002711332693,0.006968015834,0.005675480500,0.013013676925,0.002655941026,0.010252398724,0.004545614864,0.008602168975,0.003722725206,0.000369281119,0.008420324663,0.002995714100,0.010081312882,0.003950695212,0.007477416771,0.007869135332,0.000521001138,0.002994234771,0.007199386689,0.006516778780,0.011475535911,0.004577996481,0.006408471415,0.020747911644,0.004881313106,0.006810772259,0.004306669219,0.004575192907,0.009585630197,0.003307655626,0.002409053060,0.008957435165,0.004426995973,0.005938365561,0.009188770203,0.014010566216,0.004488733431,0.007197940965,0.010034823404,0.008275425761,0.006165684655,0.011646661278,0.007090171377,0.093906266400,0.007879888029,0.016958973067,0.041969179554,0.008848413151,0.004530300931,0.009253116761,0.010647741940,0.004307115594,0.005820127072,0.006718079312,0.006466053117,0.002393473681,0.001296855173,0.002140322767,0.007029155378,0.012775544516,0.000771643692,0.000547563677,0.001887069645,0.025522730068,0.008926718564,0.003879754176,0.005701189600,0.004205676551,0.005926848054,0.007790507773,0.009405626587,0.005811603426,0.003083512874,0.001355111713,0.000619549866,0.005839882142,0.014478119219,0.007178668804,0.011138531145,0.009227158896,0.003054441087,0.008483340205,0.007727141869,0.008019868698,0.012083897374
BEDT,0.007884867412,0.000329607739,0.008794358630,0.002668061665,0.001133611780,0.007811985445,0.000518292134,0.007494071038,0.005191452354,0.011440790157,0.007106619160,0.011789340589,1.000000000000,0.005065322725,0.006852843780,0.006881288700,0.007060442904,0.001720310016,0.009356885521,0.062220713294,0.003894370460,0.010472416675,0.007782851335,0.005517746398,0.004508447092,0.003226335879,0.007250400962,0.004264265857,0.010569317674,0.000288222693,0.009295684066,0.003879606569,0.006010059476,0.015233505307,0.010386484160,0.006504733791,0.011680390324,0.004299895573,0.005593436963,0.000343030909,0.004255095204,0.007056940243,0.005121241099,0.007675038841,0.006671224834,0.005488012549,0.006642181493,0.004136594049,0.006231843450,0.008370388826,0.004155124579,0.016815331190,0.000961157265,0.007128093277,0.007146366756,0.014319666587,0.001388558401,0.017214141525,0.006559965988,0.007221582607,0.001460347243,0.000733293143,0.008463350907,0.004746329726,0.007130776831,0.001151694363,0.005607464328,0.004987161056,0.001824342822,0.004836797377,0.014561781969,0.004078557724,0.008699200115,0.003809916341,0.003716918729,0.031385927707,0.002430083543,0.007898155011,0.001431105510,0.002194857741,0.007210641075,0.002715940778,0.003691313331,0.007087596405,0.003305464254,0.006478333497,0.005337718568,0.005869014057,0.008595031527,0.002155469587,0.005686815339,0.014577983556,0.018369644958,0.007073135249,0.004425876048,0.012425465814,0.008078711176,0.048403117616,0.003660042375,0.005879423554,0.003120938748,0.008255783766,0.003792129641,0.006180114575,0.002320539606,0.004576463545,0.008049351221,0.002926964559,0.002093417444,0.002379102324,0.004378248237,0.017389989603,0.002734835374,0.001220956392,0.002505136908,0.017787625819,0.006246387202,0.000561641438,0.009436101562,0.004974275512,0.006404086196,0.006750583012,0.012133013922,0.002938525502,0.004620022194,0.000566326650,0.001880175406,0.010755118422,0.006556371217,0.006999354413,0.002716098518,0.004871639611,0.002064009669,0.011736259334,0.016725638772,0.005132686422,0.014772658352
BELS,0.002907363467,0.000436563014,0.002379438477,0.000419752966,0.002037357040,0.005211739025,0.001709941870,0.004117272068,0.007992250582,0.005879354865,0.003840365010,0.003031428040,0.005065322725,1.000000000000,0.003892263593,0.006197166259,0.244424318033,0.003639186103,0.004848972773,0.003725042631,0.004276355927,0.005734536307,0.042800190101,0.002165557028,0.023242860666,0.026654191657,0.007851114634,0.006082349729,0.010659125365,0.000366804196,0.003400991723,0.002532523474,0.003965852525,0.004267094998,0.006877211147,0.007064784373,0.003638832011,0.006446576467,0.003771235002,0.000460426372,0.002913522315,0.008925969315,0.002558146816,0.009148748614,0.005610743405,0.010050720623,0.002849505977,0.006271864601,0.003568663152,0.005428513140,0.004828389869,0.005222783927,0.001844299285,0.005731946489,0.006169103416,0.002476226493,0.002343531944,0.003582552026,0.004460429786,0.004179086425,0.003062390451,0.000334169465,0.006539538096,0.016328264081,0.008677036939,0.009056088361,0.007503165513,0.010018731963,0.000453738793,0.006734667677,0.002821898133,0.005034700517,0.007932556619,0.003415851538,0.006879818661,0.006992016410,0.009760694170,0.004589451472,0.001549866863,0.007398337029,0.008271928140,0.006406488381,0.002727257700,0.007709990462,0.006317801015,0.004362752910,0.007099889601,0.007364786472,0.004442249150,0.003610417726,0.005897845918,0.003007078835,0.003802803910,0.008933409824,0.008471119942,0.003257221165,0.011745382017,0.006470437537,0.002768543735,0.008019181433,0.002338032195,0.015598972464,0.006300262779,0.004435226345,0.006625468439,0.007559536482,0.004131163442,0.006116744977,0.000947305467,0.002035915333,0.001954413945,0.001813770868,0.000632725383,0.000473753759,0.001808619454,0.007933986034,0.021792546245,0.000964128508,0.004518525883,0.008761369352,0.010016769216,0.007267650520,0.003890911274,0.005958688147,0.002528314717,0.000978017953,0.002672012827,0.006133726048,0.007310095547,0.701940708119,0.005933446118,0.006110689235,0.003559235739,0.004079202469,0.005800758955,0.003680676200,0.009517230197
BERD,0.005225679615,0.000402937348,0.005201322522,0.002715085159,0.001381912758,0.011295086279,0.000726068840,0.037839183849,0.045288869638,0.005485353755,0.004600920919,0.005069490827,0.006852843780,0.003892263593,1.000000000000,0.004038259126,0.019114474704,0.003367228396,0.187634680077,0.003795671984,0.000810219327,0.009726739298,0.002037817402,0.004984551551,0.002781643690,0.005502132775,0.005131344067,0.003309490658,0.006278213248,0.000342770313,0.009218554893,0.004098167293,0.003341382562,0.013380046451,0.004721654630,0.052273086483,0.007897869496,0.004565858061,0.002073899522,0.000423180963,0.005273213871,0.004610913652,0.005840880527,0.006481209267,0.005254518662,0.006222618711,0.009986235161,0.003284722511,0.004009346293,0.009592701459,0.003741210768,0.005199235493,0.002015119413,0.009334368923,0.008378090533,0.004925504599,0.001046175087,0.011889523676,0.012077175472,0.007558458423,0.001906131440,0.000314104979,0.012685325660,0.004558034322,0.005567392664,0.001354596652,0.007947919612,0.005023222806,0.000632486816,0.006492319422,0.007892732479,0.004632205679,0.005766274929,0.002598099302,0.006357203329,0.010230475401,0.005572370825,0.092873765196,0.001956224932,0.004440443429,0.009056598082,0.001978711150,0.002845790623,0.006899806704,0.005732285473,0.003248325756,0.008760174613,0.007337925084,0.008628220621,0.003970351220,0.009272170104,0.002820438714,0.008530360913,0.022131551991,0.043471966800,0.004109867671,0.005072009458,0.008209114689,0.005038659180,0.046338806120,0.011257320605,0.009961933223,0.005118628555,0.002931418205,0.001869370499,0.003000423538,0.006018445216,0.002982221815,0.001189469478,0.004836975839,0.008957475069,0.007301781277,0.000564455185,0.000516221737,0.002461748932,0.013963062699,0.002606947839,0.004655343012,0.006922783908,0.005064320017,0.051901342994,0.003251825009,0.004505921298,0.003613335312,0.002815625527,0.000823973367,0.001297209249,0.003854587651,0.006361966681,0.002919817572,0.005901162105,0.005981772142,0.005515706718,0.002287069118,0.004799793888,0.012920291584,0.009298958631
BICH,0.014959751610,0.000589224824,0.003897295027,0.000559009421,0.001861511034,0.021044757708,0.001687337889,0.011835820902,0.007759764558,0.011252437551,0.008341454782,0.009883128676,0.006881288700,0.006197166259,0.004038259126,1.000000000000,0.010199214337,0.004408067002,0.010520197585,0.006703030705,0.001910704904,0.013274522770,0.010617348175,0.004201589281,0.003329601808,0.008427110702,0.014792631599,0.007018584285,0.021322975395,0.001323233716,0.006073731164,0.006287780696,0.005471151276,0.008863653535,0.013301868816,0.008924962148,0.013203432269,0.031527350613,0.005918620067,0.000633542966,0.011519261309,0.015154931498,0.017584927064,0.012988983946,0.005738709783,0.009857884435,0.004278232696,0.003325140928,0.004833169078,0.011939305299,0.010642498882,0.012191700207,0.002902043723,0.012769844814,0.002885425823,0.010417696293,0.002922045681,0.008650860823,0.005846414174,0.012995379544,0.006427208379,0.000822209535,0.009056977882,0.005693500446,0.013608509216,0.003087733405,0.017893289319,0.021427558212,0.001232307141,0.007941851317,0.007251317329,0.012972147069,0.008416559913,0.002597737156,0.011978487987,0.021610794865,0.011083368363,0.009897199619,0.008186472576,0.008761370364,0.012990346542,0.004581478480,0.013113339578,0.009063687427,0.007752071573,0.003180649020,0.013374021333,0.053262249500,0.009871517451,0.007759955712,0.009001552467,0.005589096915,0.009696475602,0.008464297756,0.006079834476,0.006692833406,0.036905010552,0.013604075407,0.007541819942,0.009434846984,0.004639100170,0.024695538446,0.010631808433,0.021732157603,0.020482247984,0.013469755398,0.008002488755,0.004334023977,0.002163796364,0.001889334457,0.007613107628,0.004868231846,0.002345224582,0.004760207836,0.014744921791,0.019655655285,0.019378942055,0.007360786332,0.007181105214,0.020098414122,0.005393789093,0.017242086976,0.008244084686,0.006080877952,0.006972538426,0.002330996289,0.009221370445,0.008625387989,0.079345975545,0.006983623030,0.014386443270,0.026355955133,0.007410885209,0.008320980689,0.006038163810,0.005001608184,0.018055728732
BMAL,0.006019820042,0.000627109466,0.003305704058,0.002790921126,0.004518116454,0.028433207327,0.002040306675,0.012505449911,0.023886291359,0.009201607879,0.006091959497,0.009135521257,0.007060442904,0.244424318033,0.019114474704,0.010199214337,1.000000000000,0.005966342893,0.013745883729,0.003708003097,0.003923006886,0.010743438911,0.064748517005,0.007867377164,0.048574686444,0.035065878746,0.016428344179,0.012304935603,0.009101506584,0.002762161032,0.008599977345,0.010252651098,0.006522140346,0.011059268632,0.030389732194,0.016684765574,0.008808102163,0.024376739362,0.003856255609,0.000677553697,0.002393470301,0.017540282273,0.013249938182,0.017911204839,0.007856272261,0.022589129414,0.007832137301,0.006457643429,0.012126817776,0.007709967754,0.008367363600,0.009101144467,0.005334658518,0.013209241796,0.005607733059,0.003227562178,0.003018901483,0.008473090298,0.010900674095,0.010815926369,0.004385914133,0.000435446852,0.014069267021,0.135276665522,0.019524726112,0.008767973753,0.019903728253,0.029544286333,0.000663169971,0.012068832299,0.005050848908,0.006932456179,0.014718472602,0.008749307714,0.007576436882,0.018950793571,0.028265574785,0.011466796372,0.005640108503,0.008623863462,0.017257082618,0.021911486386,0.006541457437,0.021758248784,0.008458345618,0.007387158011,0.014622591277,0.017454115655,0.008257853849,0.009856135417,0.015042386402,0.006842882436,0.007803408494,0.016339540885,0.019311116818,0.003987714885,0.026349156485,0.025492998686,0.007886155454,0.007189107846,0.003595657309,0.029713708110,0.025043653470,0.008320423367,0.025440138582,0.022760139553,0.013274124573,0.010836951752,0.005089633029,0.002266364406,0.006819417238,0.004465547364,0.007668957253,0.003825176423,0.003875562825,0.022101465584,0.020472948031,0.013388518423,0.009626222915,0.016211436936,0.010923130768,0.011870652564,0.005476638396,0.011878433587,0.006646637960,0.003063031203,0.003954749724,0.010698310955,0.022284342861,0.397373677509,0.011174648619,0.019191764107,0.006567092560,0.009269255401,0.008924020798,0.004685008382,0.023521471083
BMD,0.004600671010,0.000378711690,0.002133178326,0.001153694968,0.002136898343,0.009305627536,0.001560781556,0.006020445238,0.004934593636,0.003786746109,0.003801566254,0.004307587750,0.001720310016,0.003639186103,0.003367228396,0.004408067002,0.005966342893,1.000000000000,0.003639357713,0.001973725228,0.001779652982,0.008564606839,0.003324479079,0.003789661889,0.005133157168,0.006990004196,0.004537011582,0.019539058702,0.005492168812,0.000325080492,0.005343432521,0.008619882528,0.003897981318,0.003123920367,0.014555823756,0.006773276880,0.006034402411,0.005850635219,0.001352036413,0.000396540428,0.002893913040,0.002202878777,0.005083019643,0.013428659907,0.007338432358,0.024393246910,0.007726352023,0.003073971828,0.004516707257,0.008344779009,0.004830290193,0.006287853693,0.001883200481,0.007475678767,0.007440965149,0.001287685954,0.002807386813,0.010020973121,0.006466194394,0.008135743264,0.003686670167,0.000299185794,0.006895230212,0.006044982336,0.006547218566,0.114462452418,0.007629097280,0.012685330612,0.000391569934,0.006305173763,0.002371085388,0.004041959344,0.007908460333,0.007881805625,0.007551098935,0.007754616766,0.006308562542,0.001982252088,0.002947303472,0.007579140493,0.010388493667,0.027761883799,0.002404448461,0.012189474998,0.013255930543,0.003004349027,0.006035403741,0.005955421355,0.007808292086,0.004969379936,0.019154626897,0.002813368214,0.001490182230,0.006350470834,0.005340750114,0.004630609299,0.006546915209,0.002314130975,0.004578630303,0.005839732531,0.005075933541,0.009825275137,0.003833802163,0.006356679138,0.010258628452,0.008495876141,0.012689522824,0.011346239937,0.000711471970,0.002839256556,0.002617918110,0.005139762679,0.000518033917,0.000406386405,0.002086645603,0.007426759105,0.013169312474,0.000720919629,0.006230308951,0.004642167237,0.001868725810,0.005251851436,0.007653242647,0.059427421991,0.003641427710,0.000728657354,0.000444737832,0.002225234429,0.007389677988,0.006480520901,0.006944287916,0.005277318340,0.005830082088,0.006187103313,0.002781612663,0.002307101731,0.007219539999
BORD,0.005812111404,0.000551401132,0.010029020890,0.000912236541,0.003038042124,0.016629122283,0.001410305526,0.068043039424,0.078666616631,0.012302354597,0.005519216330,0.008764648960,0.009356885521,0.004848972773,0.187634680077,0.010520197585,0.013745883729,0.003639357713,1.000000000000,0.006528428735,0.001834259614,0.009686730419,0.005407913280,0.006620151823,0.002595000675,0.007709226880,0.007379311355,0.004826449569,0.008893696822,0.000444604137,0.004716027365,0.005831090370,0.003581676063,0.033762816802,0.010473855592,0.089746708508,0.010315385230,0.008269061953,0.002568550137,0.000590025640,0.002843618532,0.001914672287,0.008231814605,0.011684698527,0.005742149991,0.007242349795,0.005013516448,0.004316475254,0.004294365587,0.011248739162,0.003683568925,0.007096417486,0.002109824787,0.009136694761,0.004749683004,0.002513649320,0.001734135618,0.008423361123,0.007513381213,0.006819899817,0.003415790579,0.000397545502,0.011962536084,0.009028566953,0.009437745249,0.002178724434,0.007877483105,0.004017468508,0.000579088132,0.011336925251,0.005978678247,0.004955532333,0.004885980096,0.003691000249,0.006922563768,0.015469543789,0.006523491328,0.221375282289,0.006360437357,0.004966929934,0.009674118663,0.004750236706,0.003754989055,0.006389167629,0.002661824416,0.004538809488,0.006054888780,0.006675162243,0.003703168587,0.006930146422,0.007352807682,0.009433529043,0.007848376042,0.026867610184,0.061560783188,0.005233891912,0.006033734490,0.009710047569,0.005692051931,0.056903006699,0.004397024705,0.009370959064,0.005602803924,0.005288504216,0.006162492038,0.005011189919,0.008692365195,0.003938401197,0.001728407138,0.005188751017,0.012989829773,0.012999578109,0.000906284581,0.001806494796,0.002024377338,0.021780693762,0.006907077340,0.005248478940,0.006025776364,0.005842551234,0.065997302430,0.008579691256,0.006254377425,0.003645683095,0.004058093923,0.001833456847,0.000703459305,0.006182003497,0.009220406959,0.008382294690,0.010659223440,0.014408581314,0.001809368502,0.005216520881,0.007030299345,0.015109197303,0.014215380141
