,ACKR,AFGH,AIRT,AKIT,AMAL,AMST,ANAT,AUCD,AUSS,AUST,BASS,BEAG,BEDT,BELS,BERD,BICH,BMAL,BMD,BORD,BORT,BORZ,BOST,BOUV,BOX,BPIC,BRIA,BRIT,BRTR,BRUS,BSJI,BULD,BULM,BULT,CAIR,CANE,CARD,CCRT,CHIH,CHIN,CHOW,CKCS,COTO,CRES,DACH,DALM,DANE,DDBX,DEER,DOBP,ECKR,ESET,ESSP,EURA,FBUL,FCR,FIEL,FINS,GLEN,GOLD,GORD,GPYR,GREE,GREY,GSD,GSHP,GSMD,GSNZ,GWHP,HUSK,ICES,IRIT,ISET,ITGY,IWOF,IWSP,JACK,KEES,KELP,KOMO,KUVZ,LAB,LEON,LHSA,LMUN,MAST,MBLT,MPIN,MPOO,MSNZ,NELK,NEWF,NORF,NOWT,NSDT,OES,OTTR,PAPI,PARS,PBGV,PEMB,PHAR,POM,PTWD,PUG,PULI,PUMI,RHOD,ROTT,SALU,SAMO,SCOT,SCWT,SHAR,SHIB,SHIH,SILK,SKIP,SLOU,SPIN,SPOO,SSHP,SSNZ,STAF,STBD,SVAL,TIBM,TIBS,TIBT,TPOO,TURV,VIZS,VPIN,WEIM,WFOX,WHIP,WHWT,YORK
ACKR,1.000000000000,0.846050952650,0.825897602837,0.827236536231,0.843161431794,0.885120263084,0.885680730153,0.880888000138,0.885836451371,0.869350325899,0.856119854778,0.869159668744,0.832256030560,0.856251664719,0.852919992311,0.889756332919,0.893558547591,0.843039918022,0.880007987006,0.847270365297,0.862408066339,0.865211747268,0.875660350257,0.768129050958,0.815564669703,0.865668473191,0.890802299522,0.852223721484,0.869060211362,0.789503591496,0.828247516786,0.845190008139,0.797082402339,0.880201385629,0.895417113885,0.877306695329,0.870242252711,0.903360440180,0.842486538796,0.822254729085,0.847780466437,0.857614947628,0.878612062432,0.898703954359,0.875741687224,0.875512000379,0.836009690161,0.824267121905,0.849152906230,0.900130915125,0.878129763991,0.871500413712,0.855444548882,0.857173910977,0.850025965765,0.858736894160,0.849829001261,0.850974989828,0.863689839471,0.896113068290,0.863485063723,0.811997140379,0.855246173705,0.844933920157,0.893585073369,0.821750686641,0.880756854939,0.901310588319,0.836716243364,0.862555870318,0.825228395164,0.862539133621,0.864066258767,0.830477597212,0.871393827231,0.902057461840,0.865040727113,0.859326080528,0.877978229526,0.886446950097,0.888680123632,0.853016191055,0.884111140284,0.883919580696,0.850553864621,0.810633327134,0.872118960051,0.892664971101,0.828437216888,0.883372943486,0.869986521322,0.829707611379,0.837060357198,0.871211495920,0.869109894592,0.841839835461,0.887826184559,0.899658755217,0.875781645784,0.862547865600,0.853085868317,0.887843101398,0.873251383350,0.825909519483,0.887980532009,0.881196307154,0.870512528815,0.850699296989,0.890238964730,0.854558056696,0.849272148548,0.847034929709,0.848805982693,0.838767229395,0.853072524782,0.898236969463,0.875797127892,0.901083772001,0.879882528316,0.870853568407,0.839336449002,0.873672699186,0.855387229312,0.853966044931,0.845056532807,0.876123842424,0.861673369398,0.870467891815,0.898374228658,0.868810067910,0.879784342274,0.901813245532,0.849123384590,0.838874631408,0.851085061271,0.852434348848,0.888474049478
AFGH,0.846050952650,1.000000000000,0.822548469027,0.851054302720,0.863002319105,0.881028399914,0.917512743106,0.879899476099,0.881952427671,0.866468035197,0.852595362488,0.863141772395,0.827355239077,0.854817415517,0.848772889775,0.887637084542,0.890975340165,0.841183388314,0.878783571997,0.837951051293,0.872818370808,0.858812959998,0.870837008139,0.765269418853,0.813432445484,0.864780438695,0.880069635689,0.853751531019,0.862975771515,0.831171186082,0.821628559485,0.840092936791,0.792287728807,0.876273772740,0.894651540780,0.873578021862,0.861892311681,0.904165721332,0.844782000071,0.854737350395,0.829525431185,0.857092559120,0.875884563211,0.893338688393,0.868458080456,0.873777096961,0.835594757202,0.823330207067,0.848033358777,0.862515800558,0.866580628871,0.851808403073,0.872506639516,0.852657381345,0.841610397904,0.830780688615,0.863963496863,0.848580912811,0.856948399669,0.885694647005,0.865564997763,0.835627291302,0.854972684113,0.842987892783,0.886229685029,0.817408865024,0.875976004478,0.897598142018,0.864485966533,0.866988000124,0.821370637705,0.850782789160,0.863647411694,0.830909561504,0.860849904188,0.896514567234,0.862736110134,0.858555645074,0.884788621506,0.892325270413,0.882583376621,0.853319088840,0.893639493699,0.878230064844,0.846776535984,0.806132016827,0.864382507205,0.888887292326,0.825560794100,0.889771799289,0.867711736900,0.823853686248,0.834044093731,0.861502505446,0.865379201334,0.840061280273,0.883688810895,0.893485423662,0.869668968577,0.855886589053,0.852366780312,0.889272257984,0.866755900668,0.825049953815,0.889661703675,0.883546019879,0.871323793958,0.846399780566,0.934260438992,0.870140958067,0.844605526094,0.843107253394,0.875606589320,0.862763113404,0.859132597485,0.894787784041,0.873303666183,0.920246887609,0.876347847744,0.867523060933,0.837797714414,0.872269922491,0.848577165894,0.853805079326,0.845701748687,0.916324592454,0.877968728836,0.875178243585,0.891491749227,0.866342387823,0.873681461606,0.901966243758,0.845959289259,0.832413395292,0.851094889590,0.845989190346,0.881291486966
AIRT,0.825897602837,0.822548469027,1.000000000000,0.802552708615,0.818586492751,0.869653299810,0.857800797246,0.854233588886,0.856769437717,0.845270798979,0.827124565950,0.841092743475,0.811188152300,0.830091811810,0.829945347417,0.857763677721,0.863740179409,0.816966593155,0.853157929692,0.824710311625,0.840261890240,0.846483972882,0.849141330234,0.758528690426,0.794203531500,0.838535480674,0.856564275261,0.839017848222,0.837573872396,0.769648249917,0.819232512926,0.826313471541,0.792205440810,0.853353841207,0.871269733317,0.851614284802,0.839952457017,0.872625283352,0.812872598000,0.798827988873,0.808503138409,0.830329877416,0.852496383668,0.865574201463,0.846539916928,0.849472979587,0.823214908562,0.809373229619,0.826420083322,0.842285843164,0.845335162657,0.830580180619,0.826212058408,0.839505519577,0.821162438655,0.814030859366,0.829046754462,0.837057553513,0.837074619829,0.862097306483,0.838045484394,0.788844515699,0.838966939057,0.819460086394,0.860324410100,0.800286581174,0.858697566523,0.868401565708,0.812335964476,0.835143923689,0.807513593911,0.827388229444,0.838766625266,0.816378635166,0.838273651615,0.875892261391,0.835977848606,0.832462350351,0.851690606570,0.857599248683,0.861567265195,0.830195468481,0.852145897327,0.847688702158,0.831496302912,0.803837518714,0.844016847755,0.861733526196,0.805444207218,0.857908937030,0.845980221743,0.813157266495,0.816183837428,0.839780763243,0.843079692834,0.817211696664,0.856688080635,0.873574397673,0.843925180807,0.837124663280,0.827964044916,0.862175152121,0.842446691435,0.801798400515,0.860707875254,0.852111883987,0.847785739369,0.825007957306,0.860767820278,0.828402484177,0.828207491624,0.827074289051,0.824392858126,0.813453336024,0.825729360263,0.871425825563,0.847777557839,0.870483394636,0.848672421913,0.837396033371,0.817017930663,0.846769902919,0.838952337993,0.831223205849,0.819147400472,0.847741605905,0.832916921671,0.840958840922,0.863735279506,0.841600103668,0.847046628634,0.870189591756,0.825455197995,0.820681896840,0.832185004582,0.828557225533,0.864429507300
AKIT,0.827236536231,0.851054302720,0.802552708615,1.000000000000,0.882247853088,0.861522589067,0.883251822353,0.859807700772,0.861958233530,0.847284725439,0.828921641086,0.841661139686,0.807379736828,0.834711534075,0.829529681678,0.866416296656,0.871431283440,0.822222386587,0.857887330753,0.820750814352,0.847272118428,0.839424647874,0.849056118390,0.750405849718,0.792358217006,0.841388597840,0.856672855209,0.831977648780,0.842839579002,0.801074190578,0.806133636278,0.823138030540,0.774793110318,0.856148258113,0.874434633344,0.851877045449,0.843828533237,0.883585564610,0.845939084096,0.900180565897,0.808047328451,0.837444150167,0.857896485597,0.868573458942,0.848008701335,0.851729085274,0.815609093867,0.803160133958,0.827224242046,0.844244698965,0.844396727913,0.829444721294,0.885944368084,0.832609397702,0.821895888442,0.811489884795,0.848009495857,0.829649040418,0.836090351782,0.862414086645,0.842249230144,0.863191731502,0.834054138526,0.824499177312,0.863242679673,0.799011968035,0.854038322261,0.873680774037,0.881288509377,0.851485136084,0.802276646782,0.829109583401,0.840131534636,0.807348337368,0.837975575697,0.875137665555,0.844943259226,0.840558070346,0.862452249880,0.867888602383,0.861145359247,0.832131400518,0.887568692761,0.853583807755,0.827438321189,0.789942004810,0.844135498931,0.865403746127,0.806659431205,0.871218147882,0.848456019873,0.803569921099,0.816739516068,0.841416727666,0.843817377806,0.818100075724,0.863319397036,0.871390142519,0.847483218619,0.839175059796,0.827710906996,0.869685203937,0.846954191403,0.808962439387,0.867864840246,0.858875914946,0.849704572219,0.825607661745,0.890394545774,0.861295491967,0.825322332572,0.820988239713,0.911059868629,0.905243361460,0.851954849500,0.873124198656,0.854136118153,0.888691576504,0.852915123387,0.845849195411,0.817461402251,0.852708473672,0.832181213401,0.831797892130,0.827774614908,0.918877309102,0.872022137203,0.862633717161,0.872012987139,0.846173258506,0.849935510260,0.881461890188,0.822037746321,0.815412086070,0.827481412297,0.827367352278,0.861089312149
AMAL,0.843161431794,0.863002319105,0.818586492751,0.882247853088,1.000000000000,0.882457602128,0.901837263840,0.878157563332,0.883414577681,0.864342675453,0.847432872640,0.860085487924,0.824406997894,0.854069712163,0.849056091644,0.885529628714,0.890574560217,0.839941850218,0.876415965554,0.838864791441,0.865010988081,0.859036446294,0.869295173303,0.764649804059,0.810020869183,0.860326192517,0.878329904538,0.849391114089,0.858259523112,0.810172709568,0.823187208254,0.841495205200,0.790727894539,0.875534762039,0.893384303147,0.871673628483,0.861576469658,0.905137713857,0.850023368077,0.884566859867,0.824942069720,0.855495351845,0.875148644889,0.888344432565,0.867141477516,0.870204381066,0.832103796002,0.821227166566,0.843215983066,0.861652280976,0.863009754397,0.847105608386,0.888567717268,0.851716754705,0.840053598789,0.828893682244,0.865865390701,0.848621310046,0.856391210545,0.880073289992,0.861242435128,0.933576698093,0.853252864183,0.843842806954,0.882013240455,0.816606441467,0.872801808509,0.891518338373,0.923786843022,0.869826139833,0.818587589335,0.847737650033,0.859141836310,0.826556731724,0.858613628486,0.895228942021,0.862079122571,0.857976188228,0.878712331973,0.887616833840,0.882327195382,0.851524812654,0.898053994220,0.873301437504,0.847454602835,0.805893981095,0.861640061947,0.885786966727,0.823092186404,0.887575664401,0.871051342221,0.822473455804,0.833368762489,0.860173520475,0.864236758169,0.836067703101,0.882923679873,0.892246704230,0.867676091749,0.855714250258,0.843537132100,0.886515988738,0.863973365181,0.821943055712,0.884916751968,0.878821869094,0.867271665255,0.843993904518,0.905379481883,0.880941156658,0.844839283746,0.839495521948,0.902747444900,0.890181619017,0.862234582790,0.892593669918,0.872073805503,0.905991837750,0.870724461427,0.863731777817,0.834730004339,0.871079831638,0.850441143587,0.850772878129,0.848037329047,0.922823254501,0.880640880152,0.876725326038,0.890484992691,0.866326889370,0.867840823987,0.901978609854,0.841826119731,0.831505950532,0.845405352049,0.847101379237,0.881273152217
AMST,0.885120263084,0.881028399914,0.869653299810,0.861522589067,0.882457602128,1.000000000000,0.926420987557,0.928215656843,0.928476547709,0.910377399126,0.886270783103,0.901829336676,0.870496552025,0.896409859377,0.894691806508,0.927800705647,0.939888513985,0.883826904269,0.922060001068,0.888711062787,0.903711128749,0.942790249058,0.921077588633,0.842650869806,0.848760500775,0.903679597741,0.919932622425,0.895220340198,0.900713834587,0.819443648088,0.912977524732,0.907135202049,0.874901374593,0.924396264533,0.957713370851,0.920865117892,0.909737569744,0.945615132563,0.869263459946,0.857563272131,0.865221078910,0.893128330712,0.917766602061,0.930346490792,0.912400248610,0.926797164854,0.900919647682,0.867525571674,0.884704918923,0.903296305336,0.906300017725,0.887959279310,0.894567495849,0.934887962152,0.884500417287,0.866432555575,0.887009592174,0.914827862752,0.902212984039,0.924761006501,0.896270564453,0.845972697690,0.905200742352,0.878788075679,0.925712461781,0.858282189930,0.920877081309,0.938635641855,0.874593111552,0.901973816691,0.863137964981,0.885866148334,0.905289159226,0.874464034923,0.902059442321,0.955063416837,0.900910881663,0.901440057657,0.919949564843,0.929870686114,0.934738759753,0.898037128349,0.918584594155,0.914269716099,0.907666634731,0.889663475567,0.905231044717,0.926625113241,0.859852154615,0.924803270835,0.917242519359,0.866036672452,0.878632754607,0.906555721758,0.912471905797,0.873157482805,0.927261026735,0.951760921522,0.907078566313,0.901859330194,0.884340679190,0.928826080775,0.905680204864,0.856706543538,0.928232150533,0.921168225107,0.919544421017,0.890441774507,0.930115306291,0.893797776990,0.888648516372,0.898834506429,0.891150238587,0.876318763326,0.883051727461,0.944645200212,0.911741690131,0.941340404278,0.912566308029,0.899690572404,0.875744746154,0.915924348911,0.937899888333,0.898385178142,0.879986791030,0.917107449634,0.894076056015,0.907129997667,0.933482700186,0.909078247213,0.912433424502,0.944302262497,0.881879636257,0.879155407690,0.898626529357,0.889609126559,0.931740363839
ANAT,0.885680730153,0.917512743106,0.857800797246,0.883251822353,0.901837263840,0.926420987557,1.000000000000,0.924838506673,0.928537926691,0.909111085215,0.891386730455,0.904529127552,0.864212846248,0.896729591335,0.891153560365,0.935506907630,0.939168314074,0.879817212588,0.923300939515,0.877498517509,0.912391144274,0.902279425363,0.915804302765,0.799744447935,0.846051555210,0.905740567739,0.926392405946,0.891087029895,0.904073168415,0.859705463940,0.859455316166,0.880827869949,0.823650068847,0.920665653855,0.943419130395,0.917379564837,0.905471794444,0.955840844942,0.882365824279,0.886124128362,0.866682187767,0.901479967083,0.921200321453,0.939362174362,0.913391524996,0.918343487492,0.873216282653,0.858607306498,0.885983054024,0.905686822746,0.911075201437,0.891260433000,0.913018456859,0.893575301587,0.879755022205,0.869418026450,0.902073567443,0.889924099225,0.898912534397,0.931656828162,0.907067096446,0.866775136734,0.895725703499,0.881928125474,0.933515823039,0.853169833797,0.919739567097,0.944346758475,0.898944996362,0.909189324147,0.852920062898,0.890945083413,0.903352358896,0.866794837977,0.904845305959,0.946815020713,0.905375795053,0.902750246178,0.929443316970,0.939989343678,0.928236764017,0.893649562402,0.937873334125,0.922376627251,0.887526007880,0.840439479411,0.906838618203,0.932591365753,0.863284948531,0.933464486751,0.910826532373,0.859256403780,0.872234567633,0.903682686363,0.906235913634,0.878188480094,0.929501974629,0.940254405174,0.914581035807,0.898784099128,0.891577424023,0.934706186157,0.911929079232,0.861042379059,0.933589244515,0.928425277225,0.914008913614,0.886621226046,0.970217823654,0.909409218025,0.884833525519,0.881998279011,0.913539673341,0.896957975582,0.898229541072,0.940642324732,0.918771313573,0.963251748335,0.920116268206,0.912181980446,0.874316487211,0.917040841523,0.892380221667,0.894334716581,0.886701893495,0.955208895041,0.916594640748,0.919366889320,0.941470964873,0.911183318197,0.917759981527,0.954649504031,0.881846071369,0.868915209525,0.887970943897,0.887332591625,0.928447624520
AUCD,0.880888000138,0.879899476099,0.854233588886,0.859807700772,0.878157563332,0.928215656843,0.924838506673,1.000000000000,0.923847135001,0.902854639455,0.884969104849,0.897733692533,0.861664184110,0.891316250125,0.890796164914,0.923178651009,0.934016976557,0.873941099407,0.922325350980,0.875495179500,0.898940439096,0.904624586067,0.909857534295,0.802508535669,0.842932471319,0.898965042310,0.917795469222,0.886391428703,0.894862448623,0.815789148100,0.865222909473,0.882006607897,0.827727937933,0.916175894624,0.935947612053,0.914472974307,0.901049008020,0.941003196706,0.868466519519,0.856389075821,0.860904688427,0.888839804400,0.912488157318,0.928773363277,0.906664084850,0.911079170355,0.872517263700,0.860225113068,0.881617670652,0.901019889703,0.903837607686,0.886450029241,0.891498625634,0.897468081262,0.878236947932,0.863023491464,0.885723947031,0.889044628227,0.894970069291,0.921765186562,0.894776379598,0.844036806966,0.896894555048,0.876667185205,0.923033838543,0.851372256063,0.913640876569,0.934519087043,0.872069257675,0.899302984507,0.852146711661,0.882885559456,0.898802133166,0.864855334379,0.897407971557,0.939833741301,0.897871687190,0.906489499671,0.916712397744,0.924870885454,0.922770621511,0.887587834019,0.917693465600,0.912437099939,0.885560865258,0.843421194378,0.901432024688,0.924091540368,0.857736399743,0.921781121126,0.906138416059,0.857727637603,0.867652669216,0.900985352175,0.905074707526,0.871284134158,0.921913351557,0.935703029288,0.905123854151,0.897565551891,0.879424819737,0.926192703708,0.901348860181,0.855739405707,0.924280129863,0.916510107756,0.904659792520,0.882952077315,0.927918193061,0.890632104473,0.880017982775,0.879125480718,0.886600483151,0.872880165838,0.882020018561,0.935728704401,0.910616984149,0.939518905189,0.910111603614,0.901549090909,0.873896335070,0.908338590373,0.895129967715,0.889216251140,0.878038102887,0.916646249554,0.894920064905,0.903131082295,0.930353405474,0.904193116513,0.907552643028,0.941338841067,0.875853435200,0.867805505265,0.888705143683,0.884849455170,0.921652532637
AUSS,0.885836451371,0.881952427671,0.856769437717,0.861958233530,0.883414577681,0.928476547709,0.928537926691,0.923847135001,1.000000000000,0.904088132476,0.888025964620,0.900635266836,0.864416368452,0.892386729500,0.895243692367,0.925762011081,0.935672299804,0.875232811420,0.928758247735,0.876744371988,0.901012515224,0.905019602609,0.914668679455,0.801067521989,0.846426361732,0.903274119583,0.921947102939,0.889251777275,0.899305871141,0.817130075611,0.864539997861,0.882205837106,0.829046482173,0.918701282776,0.939027618041,0.921508087820,0.902345795643,0.943475876640,0.871744460127,0.859991475479,0.863396487968,0.892770133744,0.913881888757,0.931369227301,0.908189378979,0.911677697735,0.871948201861,0.860438231927,0.881338423245,0.901048432385,0.907361856401,0.886990145377,0.893398328636,0.893772927270,0.879197100142,0.866727961816,0.887982369947,0.891064306071,0.896399918192,0.926283908891,0.897147912756,0.847681934922,0.898414487517,0.882157742271,0.925800570699,0.850500352775,0.915824902485,0.935454647791,0.876827909965,0.900986881156,0.854217591943,0.886802730959,0.900351019622,0.865921448393,0.900359223755,0.943082064682,0.900746853435,0.905910865017,0.918787568911,0.926827147885,0.926502784636,0.888382877129,0.919327927875,0.915442425230,0.887289749009,0.844647481195,0.902826206044,0.925920902384,0.858962408534,0.923276116212,0.906997782111,0.858288190819,0.871321104095,0.903100327239,0.908702000683,0.875223516984,0.924308334898,0.938018057479,0.907411439098,0.904109198253,0.881412601235,0.927997923011,0.904980091795,0.856363452327,0.925494715184,0.919434176193,0.908447354486,0.883594447288,0.930069157411,0.894040144000,0.882032785497,0.880216408378,0.889527836098,0.876193318195,0.884091932837,0.937167319895,0.913003419366,0.940140898529,0.913991587482,0.903520953628,0.887008652760,0.910445182419,0.894084847727,0.891882796201,0.882366723828,0.919530839118,0.897499768086,0.903762209692,0.931764575390,0.907970707522,0.910704445111,0.943038810475,0.878784291846,0.870183702428,0.889559317577,0.886607013581,0.923735831479
AUST,0.869350325899,0.866468035197,0.845270798979,0.847284725439,0.864342675453,0.910377399126,0.909111085215,0.902854639455,0.904088132476,1.000000000000,0.873446959350,0.887158323349,0.852043156498,0.876362478913,0.875051904014,0.912229265561,0.915626565088,0.859765657854,0.899819870740,0.868003660451,0.883241382462,0.888933173393,0.893547221110,0.790222772670,0.830055759804,0.884470895605,0.904906221969,0.873856166909,0.885488557239,0.805280064736,0.849912184475,0.866214106522,0.819010448379,0.904303505976,0.919188833929,0.897731667078,0.886661551291,0.927321640358,0.857966010931,0.842823983817,0.852824325216,0.878095350129,0.899320271631,0.915303038867,0.893421788485,0.895254021268,0.857247775487,0.845194760010,0.866760924404,0.887711854850,0.889287676603,0.874466863257,0.876905493919,0.880108039198,0.864243773213,0.853269082318,0.873285659802,0.875892534252,0.879143463103,0.910417529446,0.880483304489,0.830812580336,0.879941745611,0.861377552245,0.909592238028,0.838641060711,0.899890732147,0.920992064016,0.858369197179,0.884695296837,0.845574412581,0.871735534156,0.882150607138,0.849228027837,0.885184891307,0.928269897313,0.885977438925,0.882428185721,0.899757325529,0.909169388936,0.906657637937,0.873514266344,0.903166022457,0.899609599362,0.873759201757,0.834327095555,0.888813930202,0.909934958183,0.846140850179,0.905013322096,0.892242841788,0.849800470997,0.861928752976,0.884211314591,0.889457155560,0.859389609021,0.907566672750,0.924844427893,0.891930113586,0.880072683997,0.867427578597,0.911443767267,0.889394713825,0.844528438997,0.909811568470,0.903046849701,0.889569241170,0.867731452365,0.912659549541,0.875711723879,0.869573496895,0.867466148077,0.872558944666,0.860139726265,0.869465881818,0.947882609115,0.897182323511,0.923394853279,0.894933283991,0.888697107521,0.856631797392,0.896223574638,0.880469948090,0.872559887319,0.864351425769,0.900595367605,0.881917640619,0.890163009372,0.917131175065,0.889853520357,0.895667998591,0.926907719427,0.862087412940,0.859905324169,0.875725713385,0.873246174177,0.920791237535
BASS,0.856119854778,0.852595362488,0.827124565950,0.828921641086,0.847432872640,0.886270783103,0.891386730455,0.884969104849,0.888025964620,0.873446959350,1.000000000000,0.883243378636,0.835840873406,0.860864785406,0.857063939976,0.891002664605,0.896033880503,0.846524876473,0.883505321431,0.848133341052,0.866609041261,0.867449747705,0.878073059684,0.772312111909,0.819006164587,0.869799372256,0.891174656614,0.854623082522,0.866815067412,0.792396291051,0.828305253664,0.846962551576,0.797500225449,0.882950606766,0.900876115862,0.880600276966,0.870543185346,0.907729546618,0.840238393548,0.826254344655,0.841688604092,0.857856807594,0.883330982665,0.901883511913,0.876795480842,0.879345054355,0.841544055111,0.832266096711,0.854962603091,0.874068154060,0.876365723054,0.861291378191,0.858520128689,0.860517873365,0.849159764065,0.841484473493,0.855799496923,0.855311082118,0.862781578540,0.894722168262,0.867005442711,0.815644789841,0.862535989967,0.847012599395,0.894697096018,0.822698803011,0.882164715671,0.906115485052,0.842454558432,0.863638801685,0.827808465793,0.860961249007,0.866348442647,0.838526809249,0.869891384098,0.905008001157,0.865406743061,0.863691731669,0.883878217428,0.891284446581,0.892239811419,0.856966020299,0.884479433824,0.884052332427,0.854549905509,0.812072253943,0.870353652613,0.895184559106,0.831225367208,0.888493220713,0.875631320391,0.830883831196,0.838889074803,0.867662606530,0.871096202520,0.860196940333,0.888696434886,0.899624496386,0.886102207255,0.865061230308,0.854580377180,0.891768028980,0.873736304199,0.829330888307,0.890361434465,0.882345776400,0.875543669919,0.854447193140,0.895507487085,0.859544080116,0.849693594358,0.850124868077,0.851533835517,0.843516656235,0.855582569289,0.902817151188,0.877888703658,0.905560321809,0.883933575294,0.872752862694,0.842121417455,0.876033849776,0.856631380345,0.862241089697,0.850932815420,0.880873382324,0.863598358260,0.870619508261,0.898321859982,0.872741560375,0.880007230474,0.905513128655,0.852950296057,0.841686057582,0.857576817963,0.854261273101,0.891075575395
BEAG,0.869159668744,0.863141772395,0.841092743475,0.841661139686,0.860085487924,0.901829336676,0.904529127552,0.897733692533,0.900635266836,0.887158323349,0.883243378636,1.000000000000,0.849659283968,0.873129905601,0.869410733966,0.906022660595,0.910008818747,0.857385797953,0.899282520818,0.859728160120,0.880274911270,0.879942159676,0.890420222539,0.780182222273,0.827659809459,0.880740754985,0.903876422764,0.867798445103,0.877984874195,0.800989108331,0.840682939222,0.858447104054,0.808319452622,0.898523882594,0.913633702056,0.893701406910,0.883499126660,0.922595658240,0.854600692811,0.839295557340,0.853071299678,0.873157792985,0.896372490475,0.915690950787,0.888119270862,0.891444383959,0.851476646293,0.841270116237,0.864562227062,0.888461735872,0.889337622751,0.874215125381,0.871821198696,0.872245346168,0.861301699021,0.854489273703,0.869690147727,0.868143201340,0.876209183793,0.907583654551,0.878566809034,0.826261897339,0.872828830320,0.858124872250,0.909215893424,0.833431132204,0.894899708566,0.918765951266,0.853960810691,0.876635896051,0.837097799625,0.871161750474,0.878681622899,0.847705842920,0.883026337837,0.919038879218,0.877938489569,0.877211848235,0.896236198338,0.904252063657,0.904729771661,0.870196893170,0.898393481247,0.896953946885,0.866913377367,0.822495729437,0.884309942987,0.906994258298,0.842296123708,0.902296855121,0.888550797420,0.843854467601,0.852188885422,0.882199208123,0.882499599628,0.885596626809,0.903243702354,0.914690980785,0.899904360704,0.877862430253,0.864047557997,0.905031044612,0.887343322047,0.840632397596,0.904688844987,0.896956144020,0.886983442169,0.863873800228,0.908717136782,0.870434042640,0.864886963796,0.860622957736,0.865569874606,0.855111111111,0.865912825035,0.917206786924,0.890899058993,0.919270303370,0.896862864074,0.885708269747,0.852131580656,0.889948994590,0.869012017651,0.871270091304,0.859653983403,0.894155709045,0.877703058353,0.886562073538,0.914414523660,0.885086216133,0.894777542489,0.920404312836,0.861448140654,0.852681492088,0.867617459750,0.867547731913,0.904048732440
BEDT,0.832256030560,0.827355239077,0.811188152300,0.807379736828,0.824406997894,0.870496552025,0.864212846248,0.861664184110,0.864416368452,0.852043156498,0.835840873406,0.849659283968,1.000000000000,0.836550693561,0.838119921461,0.868253128032,0.873292111554,0.824800470991,0.861077681075,0.840641790387,0.844504103408,0.851416416695,0.856188270564,0.755360357534,0.798863000344,0.848621454415,0.864081025041,0.835154619349,0.844944897933,0.771303370372,0.815035830220,0.831239571785,0.788654354654,0.862106395142,0.877061194340,0.856585449140,0.846316186848,0.880032278483,0.819855524637,0.802523650413,0.817501825586,0.837474063575,0.858387008010,0.874071584223,0.852069724548,0.856855347340,0.823562015897,0.814707754706,0.830743426296,0.850755357580,0.849682192040,0.839745947035,0.831923562600,0.842300988451,0.829275157650,0.822607376323,0.829632282197,0.840005837488,0.843533316219,0.867733201163,0.843100939690,0.792503131259,0.845899540175,0.823893203045,0.867435781679,0.803765740436,0.860432018504,0.879358291232,0.817954320203,0.843557540536,0.814552170479,0.834399105519,0.846186552621,0.816354276064,0.849612567563,0.883775452778,0.844121975876,0.842535797353,0.858885973357,0.863972624091,0.868217004991,0.834943490114,0.859140215832,0.859042983776,0.837892549975,0.802102671097,0.847471916954,0.870794369876,0.811542441598,0.862996852725,0.853419860233,0.814558030648,0.824929061838,0.844414288808,0.848935395315,0.827010232132,0.866499497672,0.881573421382,0.854616375845,0.841315291155,0.830181397144,0.866480930330,0.849977635455,0.806881178290,0.866686494525,0.862175411518,0.853279282615,0.832360656604,0.868106807287,0.832463402667,0.832167012698,0.833309635906,0.828471770336,0.819362494440,0.830219554171,0.880677325907,0.854780584328,0.880439404107,0.855974865244,0.847628465894,0.823151522376,0.855623268142,0.843277227556,0.836659466089,0.825234626908,0.854156223240,0.839728950573,0.849299965272,0.873312981442,0.849740968239,0.856112116693,0.880149706378,0.826627353252,0.822257853431,0.837290366389,0.833913885512,0.869013764185
BELS,0.856251664719,0.854817415517,0.830091811810,0.834711534075,0.854069712163,0.896409859377,0.896729591335,0.891316250125,0.892386729500,0.876362478913,0.860864785406,0.873129905601,0.836550693561,1.000000000000,0.863370407266,0.895781327445,0.932518753826,0.851236206434,0.888614894027,0.849525999101,0.874034585929,0.874092778575,0.890153988599,0.777248909968,0.826174325774,0.878439533283,0.892801346458,0.861292198336,0.870475183992,0.797238765237,0.836696327469,0.854472222135,0.805717366554,0.888832001110,0.905876909266,0.885570906268,0.875586456032,0.913154930519,0.846552997143,0.832386613978,0.839277577591,0.865104025939,0.885775961761,0.901211909378,0.879051268823,0.885162802401,0.846831744965,0.836905387426,0.856416385128,0.876573352388,0.878681514194,0.861046685479,0.864857267767,0.868040692382,0.852354470565,0.840249698058,0.862031467059,0.861750309201,0.868997790478,0.896121425906,0.870908315099,0.820792514680,0.870629467887,0.856431196764,0.896530944972,0.830567060943,0.888304473959,0.907805311005,0.847480997908,0.872330617394,0.829673633651,0.859221278701,0.872123709196,0.842728060388,0.872111063726,0.908489292029,0.874074635683,0.871129578909,0.887658072423,0.896999789879,0.896471024730,0.864296986916,0.891097135940,0.886028063081,0.860184030780,0.821675062672,0.875395951673,0.898022113334,0.834141048736,0.894050808625,0.881649755129,0.834454266600,0.844097406364,0.871875557738,0.878326926050,0.847348052060,0.896614756158,0.903961772801,0.878966902665,0.870691186165,0.858110230505,0.896821156240,0.878125814533,0.832966261937,0.897200515106,0.889447849546,0.878674851213,0.858364879556,0.899815441382,0.864077319317,0.855860703303,0.855831741638,0.858721936800,0.847690527243,0.858050728660,0.906778365268,0.885802760847,0.912487626247,0.885904795289,0.875338539374,0.848684328833,0.881412897142,0.863920083241,0.864190003759,0.853931227182,0.888201097512,0.869251633113,0.876022796766,0.902409403311,0.973787524896,0.883552067600,0.911274426959,0.851165779672,0.843959149489,0.865873308138,0.857908470406,0.892833501409
BERD,0.852919992311,0.848772889775,0.829945347417,0.829529681678,0.849056091644,0.894691806508,0.891153560365,0.890796164914,0.895243692367,0.875051904014,0.857063939976,0.869410733966,0.838119921461,0.863370407266,1.000000000000,0.889894537407,0.901725945014,0.848925208828,0.910398128436,0.849897630087,0.869377448824,0.870331483188,0.879901541457,0.775545477154,0.816745771021,0.869965197436,0.887225230556,0.855951680409,0.866682295497,0.791179119543,0.837300738205,0.852687210434,0.803593040008,0.886224997633,0.900968811896,0.889373702228,0.872232912472,0.907547443103,0.839420524397,0.826603878337,0.836097011131,0.863783337995,0.881332684196,0.895689947956,0.876329909833,0.882796760054,0.841432172392,0.835503942965,0.852792593237,0.873279275164,0.872686280813,0.858521356961,0.859373400549,0.863144267972,0.849986764415,0.837983001078,0.856315467579,0.861426100327,0.865875734116,0.889680320362,0.865047209539,0.817306782562,0.867937107512,0.848266680768,0.892482824106,0.826340886924,0.882584528094,0.904042639052,0.844386147686,0.870607801328,0.826687693483,0.856609486595,0.868079098364,0.839498865724,0.867846203577,0.905010450625,0.868791117800,0.878881726484,0.888273938833,0.891915694654,0.893291566421,0.859593252424,0.886393892755,0.881017135440,0.856015911634,0.818013691135,0.870378253756,0.894849396029,0.833535570857,0.890218538794,0.878771999278,0.831929055542,0.842468367074,0.873095246949,0.880190561866,0.846713673105,0.890787374143,0.901625839877,0.876115791105,0.873931290407,0.850850894516,0.894211810841,0.872086116167,0.829409414717,0.894283304775,0.884362252528,0.877087040316,0.853306235347,0.895319835010,0.861913702452,0.852361772975,0.851778327598,0.855143776072,0.841578820032,0.851975455042,0.904677851594,0.879493944903,0.906185116113,0.881319084506,0.871573292907,0.856290172771,0.878605652766,0.861611111497,0.858071696528,0.848315070031,0.882671917070,0.864278554224,0.872720372712,0.899039636152,0.875180425077,0.876789662529,0.907878887313,0.851287863395,0.842686924263,0.861175623875,0.856495181349,0.891655042385
BICH,0.889756332919,0.887637084542,0.857763677721,0.866416296656,0.885529628714,0.927800705647,0.935506907630,0.923178651009,0.925762011081,0.912229265561,0.891002664605,0.906022660595,0.868253128032,0.895781327445,0.889894537407,1.000000000000,0.937713146773,0.879369686311,0.922976845792,0.881649464263,0.903949539957,0.905573075886,0.915127990444,0.801327510939,0.845962284602,0.905543212098,0.927207932532,0.892875951871,0.907678570156,0.823646446680,0.862734880985,0.881749326548,0.825900160011,0.922575342610,0.941675314567,0.917811867406,0.908191052574,0.954926652895,0.879223078552,0.862257321151,0.871521080665,0.898814139154,0.922226090436,0.938786894784,0.913180609261,0.914196209967,0.874916199146,0.859971248936,0.885357632258,0.909202433171,0.912013050817,0.893944743834,0.898825845690,0.896825981535,0.882008348960,0.873828448970,0.891435955818,0.891326191909,0.898563579455,0.933554561912,0.904188504861,0.849865537094,0.895741993784,0.878558397720,0.932574682012,0.852323709951,0.919980780993,0.944080595100,0.878591624908,0.905915078555,0.856159654896,0.893201208210,0.902867012314,0.866183960819,0.904192202606,0.947182406175,0.907454154704,0.901984230879,0.924815530916,0.931950597200,0.929434212301,0.891418424356,0.931577559973,0.923692169278,0.889606766966,0.842269179512,0.909297328828,0.938377193860,0.863004621460,0.927850252991,0.911709027388,0.863938574746,0.874337147154,0.904307048020,0.907503830878,0.877151197382,0.934262123791,0.942814910188,0.914772243009,0.899416788870,0.886298313592,0.934876846964,0.911980513505,0.864477300968,0.932300461832,0.927627772294,0.909923899394,0.887088647568,0.936688219995,0.897134571970,0.886120686453,0.881384471409,0.892286296736,0.879215310770,0.892853641041,0.944884710546,0.917729479627,0.947441084414,0.918895403498,0.913141746012,0.875081077033,0.917114410375,0.894836488477,0.892408675983,0.884115694400,0.924351878998,0.904332726702,0.912213268825,0.946867120117,0.910334117432,0.918616143899,0.953012014021,0.884921671477,0.872767572688,0.889094700379,0.890405266004,0.930921573315
BMAL,0.893558547591,0.890975340165,0.863740179409,0.871431283440,0.890574560217,0.939888513985,0.939168314074,0.934016976557,0.935672299804,0.915626565088,0.896033880503,0.910008818747,0.873292111554,0.932518753826,0.901725945014,0.937713146773,1.000000000000,0.886504194536,0.930856068980,0.887898704813,0.912979570352,0.914869505427,0.929832309312,0.813100284363,0.862980298479,0.916108486748,0.933827301682,0.900277686237,0.909033052667,0.829037647423,0.871833008977,0.892437670502,0.836543763361,0.930612022555,0.950074841006,0.926647745483,0.915973262792,0.955006001099,0.879701566320,0.866002247017,0.873939144219,0.903784576711,0.924603678164,0.943515405042,0.917437775984,0.925268140229,0.884685389352,0.872388072961,0.892630067661,0.912523416936,0.916503328937,0.897867348880,0.902919798036,0.905904992816,0.889303509846,0.875368494967,0.898438002394,0.900060619097,0.907332528686,0.936112266975,0.909304738026,0.853962411274,0.910653998721,0.901533187438,0.936892180270,0.863195747933,0.926573663878,0.948778565800,0.884032637069,0.912823733790,0.863458243437,0.896662099368,0.910709545660,0.876794123439,0.912260416374,0.952576321185,0.912195341742,0.910411658256,0.929920211177,0.938204764344,0.937675422911,0.901147430072,0.930709994791,0.925025850416,0.898700814549,0.853465724627,0.913270968452,0.937352710662,0.866760051742,0.935286643637,0.919190194104,0.869284542770,0.880014163297,0.912378366886,0.916583034208,0.881365085198,0.936526055483,0.946013159940,0.919552466511,0.909076063242,0.893529440287,0.938367030413,0.916214691946,0.866418720466,0.935576199452,0.931030062599,0.918482114072,0.896327981721,0.941908324903,0.902779469409,0.891854800549,0.892668043618,0.897823174417,0.884903614073,0.894262635575,0.948087333788,0.926408144050,0.954593443674,0.926176569603,0.916776308081,0.884673619811,0.921730985636,0.901406307693,0.903959558090,0.891758620934,0.930353948347,0.907399228437,0.915583785593,0.943111399604,0.954449736561,0.922554191030,0.955142953305,0.890118942416,0.878131100403,0.902722012147,0.895671961102,0.934296544489
BMD,0.843039918022,0.841183388314,0.816966593155,0.822222386587,0.839941850218,0.883826904269,0.879817212588,0.873941099407,0.875232811420,0.859765657854,0.846524876473,0.857385797953,0.824800470991,0.851236206434,0.848925208828,0.879369686311,0.886504194536,1.000000000000,0.871618313309,0.835753606419,0.857810620403,0.861145863327,0.867416546886,0.767231367143,0.808434696175,0.859762186454,0.876366796436,0.849173696712,0.854047095793,0.782847357349,0.827280796364,0.844049384186,0.794271418433,0.872550342073,0.892042114507,0.869076759602,0.860540343410,0.895440863354,0.831531701490,0.819148418177,0.828314540953,0.848933017848,0.870530421256,0.883606557377,0.865260942040,0.872645378620,0.833235484605,0.822594206685,0.843104750167,0.860296191598,0.862803707168,0.847871417775,0.849578539123,0.853485405973,0.840844185533,0.825908546080,0.847678531359,0.848892321910,0.855395331649,0.882001508412,0.856346850165,0.809226094316,0.852916682251,0.837932925101,0.879630766178,0.844102815820,0.871262693949,0.888604369041,0.832663942704,0.856929343844,0.816196078908,0.847781578815,0.855411773974,0.827394778747,0.857605618161,0.893200785611,0.856297710280,0.854604466327,0.872989913093,0.881578687414,0.880130045330,0.851885212107,0.874759011901,0.871713256545,0.849010844549,0.809230695117,0.861240367535,0.881855649602,0.821037059124,0.876305684886,0.867442215667,0.820698150254,0.829888124103,0.855873436269,0.860687392781,0.832644636296,0.879101705659,0.889377019334,0.864104860937,0.851817275915,0.842010394207,0.880117376700,0.861242065011,0.819953909885,0.879219577875,0.873157193396,0.865957140621,0.845570332449,0.883100676149,0.850189490833,0.839992941282,0.839458054306,0.843118771458,0.833686555370,0.844071060912,0.889434210628,0.866797374757,0.894265261407,0.869436375813,0.858603105571,0.832765461139,0.866527227549,0.853772498993,0.860781462487,0.839269135548,0.871069069270,0.853422733014,0.861832043773,0.885393519350,0.863654523366,0.868257384051,0.893013528611,0.839086591770,0.828086850473,0.846226923720,0.847032902849,0.876297397049
BORD,0.880007987006,0.878783571997,0.853157929692,0.857887330753,0.876415965554,0.922060001068,0.923300939515,0.922325350980,0.928758247735,0.899819870740,0.883505321431,0.899282520818,0.861077681075,0.888614894027,0.910398128436,0.922976845792,0.930856068980,0.871618313309,1.000000000000,0.872597603603,0.898394062008,0.898760600215,0.908651391782,0.794966059736,0.839960631499,0.898305699952,0.915760151024,0.885220305298,0.896075213847,0.813800451744,0.858497019136,0.877267408215,0.825251338727,0.917901455055,0.931978440263,0.920314173137,0.898452324994,0.939025839303,0.868722715039,0.854628254893,0.861463300933,0.888487951397,0.910173764157,0.927104764237,0.903809032792,0.910403245362,0.867734813890,0.857750949569,0.877734637234,0.898808249483,0.903127114729,0.887178782114,0.889335652138,0.888486790719,0.875067316632,0.864356715076,0.886162729612,0.887539262444,0.890807886754,0.922828787715,0.893313607169,0.841932073842,0.894997666972,0.874749414267,0.922173189688,0.847094636175,0.911611383103,0.934591393153,0.871483836200,0.900593947478,0.851455942421,0.884373957626,0.896661112721,0.864003481583,0.897567376576,0.936703381750,0.896871136680,0.919752328130,0.914585191210,0.921770960639,0.922041456768,0.884650112434,0.916256596600,0.910179984249,0.882143801793,0.841216363083,0.899116937506,0.922186056070,0.853058358918,0.920764957121,0.904869095510,0.858154058724,0.867855854011,0.899118734669,0.905931961861,0.872987411176,0.921253890355,0.933309263154,0.904750138264,0.902062306731,0.877271311589,0.922894325419,0.900516649990,0.852102840482,0.922035595242,0.913187656988,0.903951303182,0.880979230286,0.926280054648,0.890071361124,0.880339768418,0.877180388008,0.883406707913,0.872031554638,0.880865979117,0.933536524892,0.908991713632,0.936890209308,0.909028260415,0.900401040873,0.883860719952,0.906289317196,0.888019993915,0.886291988746,0.877488598971,0.912839380447,0.892231764136,0.902083174897,0.928605002218,0.902967196003,0.905932109273,0.938320679660,0.873839873857,0.867337617348,0.886626045515,0.883918615300,0.919158627146
