Garamszegi2020,ACKR,AFGH,AIRT,AKIT,AMAL,AMST,ANAT,AUCD,AUSS,AUST,BASS,BEAG,BEDT,BELS,BERD,BICH,BMAL,BMD,BORD,BORT,BORZ,BOST,BOUV,BOX,BPIC,BRIA,BRIT,BRTR,BRUS,BSJI,BULD,BULM,BULT,CAIR,CANE,CARD,CCRT,CHIH,CHIN,CHOW,CKCS,COLL,COTO,CRES,DACH,DALM,DANE,DDBX,DEER,DOBP,ECKR,ESET,ESSP,EURA,FBUL,FCR,FIEL,FINS,GLEN,GOLD,GORD,GPYR,GREE,GREY,GSD,GSHP,GSMD,GSNZ,GWHP,HUSK,ICES,IRIT,ISET,ITGY,IWOF,IWSP,JACK,KEES,KELP,KOMO,KUVZ,LAB,LEON,LHSA,LMUN,MAST,MBLT,MPIN,MPOO,MSNZ,NELK,NEWF,NORF,NOWT,NSDT,OES,OTTR,PAPI,PARS,PBGV,PEMB,PHAR,POM,PTWD,PUG,PULI,PUMI,RHOD,ROTT,SALU,SAMO,SCOT,SCWT,SHAR,SHIB,SHIH,SILK,SKIP,SLOU,SPIN,SPOO,SSHP,SSNZ,STAF,STBD,SVAL,TIBM,TIBS,TIBT,TPOO,TURV,VIZS,VPIN,WEIM,WFOX,WHIP,WHWT,YORK
ACKR,1.000000000000000000000,0.000441864429071796000,0.007615715379302000000,0.001561267587825350000,0.001719220846628870000,0.012866208409071200000,0.000863079320395255000,0.004689875939687640000,0.016179669746185300000,0.004814652950205580000,0.008677454465909500000,0.012020846762442600000,0.007884867412299840000,0.002907363466622030000,0.005225679614845180000,0.014959751610144000000,0.006019820041639120000,0.004600671009632720000,0.005812111403846270000,0.007120071553657720000,0.005195539036058540000,0.012278240142148900000,0.006137061603195920000,0.007163973378955320000,0.005302606633884270000,0.005986685620859190000,0.015414476928763100000,0.011557405518531300000,0.009436532598817090000,0.000370539488435524000,0.008616865968056800000,0.007651142880015020000,0.004339254429995290000,0.004887511514427300000,0.007097981695597330000,0.006416928421360870000,0.011672555389067800000,0.011655824327152400000,0.005634606609570930000,0.000466327114992448000,0.025511602740864400000,0.002489683224273190000,0.010590188665284900000,0.008890690080680250000,0.013964547648751600000,0.019264793061504900000,0.004510652457266780000,0.003704066503148650000,0.003902850853296000000,0.003998097193706130000,0.153236124935532000000,0.020254353207587600000,0.050309593280731800000,0.002121862178676990000,0.004665103201533420000,0.008981240511049830000,0.058985512056787800000,0.001137404941758330000,0.008015345236532640000,0.007683886628947050000,0.021489721541585300000,0.008308749993754480000,0.001121026467417300000,0.005821761724359010000,0.003465163959151230000,0.014276958187239100000,0.007414959917101230000,0.009911755675298450000,0.013282487990372100000,0.001803870710567750000,0.005450354472347790000,0.004594898145689890000,0.013236010886018500000,0.008355943676547260000,0.006453327080806040000,0.025391399146037600000,0.017216573296823400000,0.005087050418449120000,0.005736588472976800000,0.002962649087100070000,0.007741514860374940000,0.012887674868608100000,0.006016194265177640000,0.005190167544146820000,0.010959023907969000000,0.002212599168916580000,0.005013228044529900000,0.018046365703238900000,0.007776353597800370000,0.005113480076949850000,0.006105163956942420000,0.007727227155332310000,0.006147753914496200000,0.003330870642262460000,0.047614595438575900000,0.015296660977409700000,0.004210972657935110000,0.012702444960792700000,0.014361713345582200000,0.007832780863923500000,0.004971762835640230000,0.011617099272941300000,0.008474693292020100000,0.012114989826119100000,0.003437344046796550000,0.014348797767625200000,0.009356765078179670000,0.008368191601048580000,0.004238775151858810000,0.000972627130949450000,0.002538757485770730000,0.004355523207450540000,0.007321877599847650000,0.004299655714751050000,0.002203442017938990000,0.003595096273825750000,0.016012219529837700000,0.010037135090707400000,0.002609652632908450000,0.006940429349307710000,0.012489791857971200000,0.003290739078277960000,0.008586140198261690000,0.012046083916224300000,0.003744553572295700000,0.006410749308017690000,0.001005031545709050000,0.003961695320266700000,0.008757519206470050000,0.012055604949061300000,0.003734842606668860000,0.010918020197911400000,0.009125302990064170000,0.005246903360916960000,0.004365392819038470000,0.005130279809314650000,0.004743258644685580000,0.017153241648486700000
AFGH,0.000441864429071796000,1.000000000000000000000,0.000730358548083922000,0.000366602569018094000,0.000414484581501011000,0.000658041082581341000,0.015699360436498200000,0.000534801707720256000,0.000544100073218567000,0.000474240142826866000,0.001161499938649670000,0.000498482000678326000,0.000329607739478723000,0.000436563014025391000,0.000402937347503929000,0.000589224824423671000,0.000627109466118810000,0.000378711690029123000,0.000551401131559376000,0.002941562014277230000,0.005686479211652210000,0.000561469755426032000,0.000500461287930849000,0.000394961114849914000,0.000284865475962287000,0.000472068709411827000,0.000551591497902798000,0.000440780102322252000,0.000444263304671055000,0.000624440423819240000,0.000500559778503099000,0.000464369365783266000,0.000433136167728481000,0.000561557304697493000,0.000831815303995929000,0.000531562010521422000,0.000490769638502156000,0.000685893759418950000,0.000332381925525588000,0.000397251675617896000,0.000370565932011850000,0.000369981219190942000,0.000431527336453692000,0.000523361715588077000,0.001312957194052630000,0.002840968413758850000,0.000537938110528084000,0.000389555218978981000,0.000352640026866092000,0.000372859224752845000,0.000515291933265144000,0.000505880302554746000,0.000491337846428681000,0.001001553164310110000,0.000544399245334168000,0.000413978682383020000,0.000321394243607849000,0.000978986395058111000,0.000484639295260567000,0.000466143147326689000,0.000597013070533720000,0.000395942450189315000,0.000299590496461214000,0.000544389991617777000,0.000434379738108303000,0.000609580775439439000,0.000312604964541213000,0.000526437780069242000,0.000628877538630366000,0.000392263446415155000,0.000432921176384193000,0.000306415641347738000,0.000442570993043131000,0.000463850510420777000,0.000372405537668856000,0.000465832829194294000,0.000686269973021149000,0.000459219074433540000,0.000511740953028666000,0.005846693770183300000,0.002548636698431750000,0.000574633934020672000,0.000418460659822910000,0.001998654813354490000,0.000537333709147395000,0.000468037373461989000,0.000462890122916102000,0.001264879647823430000,0.000585708057562554000,0.000355664724202827000,0.000586067989869407000,0.000503698659254909000,0.000364293365528862000,0.000395243641183942000,0.000488747882995876000,0.000483573059906528000,0.000394275461893566000,0.000585793740266671000,0.000668412990965818000,0.000492875685523417000,0.000461268424641878000,0.000668804985266794000,0.000588473524816216000,0.000477561327351145000,0.000337590944350319000,0.000573889723085107000,0.001942294444227370000,0.002838698058976700000,0.000390893608345301000,0.068444424110077100000,0.001077901213964240000,0.000405488260903993000,0.000425598258961280000,0.000519248425953956000,0.000407133444025697000,0.000424336047073248000,0.000658610390258197000,0.000533603407235338000,0.011142286169153500000,0.000493634583526332000,0.000509927874516410000,0.000397445427779810000,0.000483619883063092000,0.001537790545319680000,0.000428716690280125000,0.000362740467493559000,0.005125631398229940000,0.002611104466529810000,0.001648904252128970000,0.000628347751206045000,0.000517909683536757000,0.000531604099197933000,0.000677871890829741000,0.000394079205527116000,0.000387791391939151000,0.000442262731725294000,0.000414450861775800000,0.000581289074324237000
AIRT,0.007615715379302000000,0.000730358548083922000,1.000000000000000000000,0.000762466804041461000,0.000326449945583928000,0.016287635349872000000,0.000458265266620451000,0.011033389512561500000,0.016550603188691000000,0.011294727318866600000,0.004908305568914170000,0.011230860206140700000,0.008794358630024580000,0.002379438477170200000,0.005201322521941490000,0.003897295027464640000,0.003305704057690230000,0.002133178326090790000,0.010029020890457100000,0.012304987835832300000,0.001969344213970010000,0.015398816968449500000,0.008841321983924530000,0.005682348383296250000,0.006572522697424860000,0.003727525649769170000,0.008829520293501400000,0.052323413768279100000,0.006266157015231550000,0.000268653420754174000,0.013465604819001800000,0.007402050762938090000,0.008315663571549060000,0.012960832536290000000,0.006894933847489020000,0.007779107664472620000,0.007327557560709310000,0.006352505105356740000,0.005575006584100640000,0.000315664772542085000,0.011286741674021900000,0.003141730260564890000,0.007284583385293900000,0.008393839237752200000,0.005772380009089190000,0.014560339660944900000,0.005497199430858420000,0.005035454515297600000,0.003621795409455720000,0.008012827503783420000,0.007989746282129720000,0.008484934483841290000,0.010976038571164900000,0.003285932206308540000,0.011303921485127900000,0.008907222831002980000,0.003257427880745770000,0.004483067588594460000,0.017625509205139900000,0.015868327770915600000,0.011964131946842400000,0.002000243470164010000,0.000653287345127895000,0.007667092217178760000,0.001415812721828810000,0.008711096426536250000,0.008172961021336680000,0.038636108239210900000,0.007858764739896020000,0.000312506943513651000,0.005136126009334510000,0.021031548605430200000,0.005445553089292350000,0.006203573762832900000,0.003309374658598820000,0.006006587859623570000,0.012513801157706700000,0.006847835074059310000,0.016810564721847500000,0.004074385293442770000,0.005268995391179380000,0.011963221071873100000,0.006366779589046230000,0.001801309344525040000,0.005962733879149360000,0.007182221727618900000,0.006667580071746460000,0.007435383421513740000,0.008690723367728930000,0.005299411358567720000,0.004044559314243770000,0.007274919291925750000,0.008419241575456660000,0.009697573654221610000,0.019531085943280400000,0.008878458307669330000,0.014628085349950900000,0.009255556132500230000,0.015425635014122600000,0.004430405260936290000,0.005964937686511540000,0.004043975437519670000,0.003581416993625270000,0.003010989963398850000,0.004844943875200490000,0.006735958676156880000,0.005904320779431550000,0.018594490668154900000,0.002284555260005010000,0.000487414133117329000,0.001395756429058310000,0.011129139335544100000,0.009410434053694530000,0.001777772804243640000,0.000321872638531095000,0.003789016741905400000,0.016535269720725400000,0.009534769118558250000,0.000970879817768653000,0.003735408776408730000,0.004127368539748410000,0.013938409332441000000,0.010477160960693800000,0.007793107704506010000,0.003984716224687290000,0.003297210413298450000,0.000495418902037212000,0.002562124877321130000,0.006065055601613450000,0.007287202389295180000,0.005143521173640680000,0.004655696473169590000,0.007289668299068100000,0.005154823758322400000,0.006426193091949350000,0.006926852801837880000,0.016618436538373100000,0.034307383261584100000
AKIT,0.001561267587825350000,0.000366602569018094000,0.000762466804041461000,1.000000000000000000000,0.002303830251999440000,0.001846325107932100000,0.000616046520028489000,0.000509791702281352000,0.001442263495928650000,0.001368168143001770000,0.000411099121122042000,0.000476684401585890000,0.002668061665009780000,0.000419752966111298000,0.002715085158945590000,0.000559009420727505000,0.002790921126413570000,0.001153694967625520000,0.000912236541247218000,0.002686248209341720000,0.000433788036836315000,0.000533967432617176000,0.000478494058922305000,0.000381151541562684000,0.003981686045331780000,0.000452474507927842000,0.003643580339001890000,0.003290341169099420000,0.003245832245520120000,0.000316117603423809000,0.001734831918979190000,0.003639653546949350000,0.000416583985507296000,0.000534046614536454000,0.000622486074426278000,0.000506847094717177000,0.003322122679142060000,0.000645292306309278000,0.017974920890265600000,0.005906358843660440000,0.001251468714751860000,0.000357836362672326000,0.000415095555586332000,0.000499386264767712000,0.000585381070368187000,0.001809248404988630000,0.000874571416369991000,0.000376114654141242000,0.000341589959117277000,0.000360527837558501000,0.003673186179977050000,0.001215428239091050000,0.001351684737876280000,0.002819961474281920000,0.000518505258764332000,0.002023418756725650000,0.002104815336702700000,0.000355860743753851000,0.001397331317597640000,0.002351205324378670000,0.003994342656529090000,0.000382065373627387000,0.001905702088580780000,0.000518496864399545000,0.007346486691623330000,0.002045970026046110000,0.000303890489741107000,0.001411800078223940000,0.004200333730775480000,0.002165449411785400000,0.001697184035065120000,0.000298038205535450000,0.000425304231621358000,0.001689654336886750000,0.000842799537529546000,0.000952554884091789000,0.001201330467404400000,0.000440656084524662000,0.000488795047104700000,0.000521268434466619000,0.000543215081428929000,0.002753177612618090000,0.002492804535704020000,0.002271259516396010000,0.001895141560742670000,0.001754834425856270000,0.000444035250370657000,0.001551726993837520000,0.000555843116050817000,0.000344427304432952000,0.000556167268485072000,0.001997050083915320000,0.000896560689008190000,0.000381414649986734000,0.002835010632202030000,0.001291823102627030000,0.001791232789048820000,0.001669977859440710000,0.002982383470900380000,0.001912282506999860000,0.001635048579512080000,0.000367028407344684000,0.001639589974648050000,0.001508250797441160000,0.001781515763248130000,0.001377265621697140000,0.001940039896193030000,0.002308724282974570000,0.001345409215452590000,0.000669902201406354000,0.000365361543983512000,0.000390946278735585000,0.001531057660669920000,0.005815425717410220000,0.020608476550180100000,0.001368130909538560000,0.001240321991593780000,0.001610972058911680000,0.000678271606722712000,0.003299748894599310000,0.000487140653450765000,0.000383464657912314000,0.002101494020306410000,0.001559365469847600000,0.000412494237610186000,0.000351058818990263000,0.002763187493395390000,0.001651182768460960000,0.003747694992383240000,0.000594103295703908000,0.000494419941437125000,0.002102329335308170000,0.005091691680974490000,0.000380330160809297000,0.000374470182827795000,0.000953225339119314000,0.000399270958380423000,0.001879499862127830000
AMAL,0.001719220846628870000,0.000414484581501011000,0.000326449945583928000,0.002303830251999440000,1.000000000000000000000,0.003132598743491810000,0.000764444496385900000,0.003477666104959400000,0.004451825352611550000,0.001938530012680350000,0.000472279822492646000,0.001500832337538240000,0.001133611779914790000,0.002037357040346980000,0.001381912757650260000,0.001861511034248150000,0.004518116453838140000,0.002136898342696210000,0.003038042124012270000,0.002228784615258450000,0.001667097153261380000,0.003559308362576830000,0.002061655665717640000,0.001520375585922540000,0.004796903672717120000,0.003580064533765410000,0.003060917403429770000,0.000488920112457219000,0.000493209403659514000,0.000351090917422616000,0.003136681321760530000,0.003766873299790740000,0.000479533107845229000,0.001862790003112470000,0.002983730825884490000,0.004249069370175170000,0.007738610111459500000,0.004239099442492200000,0.001662463657609300000,0.004183679300609710000,0.000404008723879961000,0.003340015888241010000,0.003158262215216800000,0.004137860812690260000,0.002081686351133010000,0.002396927953134170000,0.002355796849188510000,0.001728110208278110000,0.003118777962921060000,0.002455134226935090000,0.003366340705527220000,0.003460962583206980000,0.004224446785013550000,0.004436519447033700000,0.002672738482352910000,0.004165232401217160000,0.001096483243751440000,0.001979270805803230000,0.001633220072578710000,0.006607150284569440000,0.002594241727741080000,0.001079500651708320000,0.363077270848792000000,0.004776010823156750000,0.013358033215821600000,0.002886096242325780000,0.001848710383860730000,0.000596595106205276000,0.002203324605806040000,0.170734979362818000000,0.006762850695684080000,0.003397573221098360000,0.002441328957358770000,0.003123533187912700000,0.001500640361614690000,0.004494855152997790000,0.003523518048510410000,0.001981010553716810000,0.006637286222947750000,0.004557249685743520000,0.001870388830159100000,0.010459298959158100000,0.003372734738105910000,0.001725676598200170000,0.000758736315114521000,0.006261115922089760000,0.000516273225304799000,0.003464671885177120000,0.001502302433598830000,0.001491770697900580000,0.002224128030155720000,0.017600104296362800000,0.001242150331493310000,0.000433519004841102000,0.003102325568095110000,0.009178450615477690000,0.000432354505417268000,0.002514481879958860000,0.003880804576472680000,0.000553854562960337000,0.002625587085121140000,0.001473268299738180000,0.001961121807638180000,0.003655247182570980000,0.001024462051244580000,0.001962694024648310000,0.003719447558681130000,0.002433990277125180000,0.000428291235672663000,0.000849155493378201000,0.010417606209525200000,0.000445874888768929000,0.001650701301422020000,0.001405044897682650000,0.002297303385718230000,0.001699762337298330000,0.003597916280696500000,0.000605814619623813000,0.000862648244968672000,0.003896689457317510000,0.002692567291220640000,0.002188573731350980000,0.000542193908991241000,0.001853317119892080000,0.004065584919354450000,0.003441873540896990000,0.000873750839491069000,0.002390894390485490000,0.001630798102052830000,0.001581999036139600000,0.002197878357564000000,0.001908490975849780000,0.002753211393227490000,0.001947478664266860000,0.002370282661408140000,0.002533801562511700000,0.001656125329434300000,0.002287863932984470000
AMST,0.012866208409071200000,0.000658041082581341000,0.016287635349872000000,0.001846325107932100000,0.003132598743491810000,1.000000000000000000000,0.002408672624258270000,0.026540534356337500000,0.019494418479291900000,0.015665788040348500000,0.005133651644164880000,0.023277306861416000000,0.007811985445084070000,0.005211739024598460000,0.011295086278546700000,0.021044757707560000000,0.028433207326604700000,0.009305627535564180000,0.016629122282749800000,0.018836335587015500000,0.003220647046399440000,0.131452226945490000000,0.019689195821565500000,0.041754293131751900000,0.005412134884096990000,0.006525225313358680000,0.016619156716002300000,0.009404465287108170000,0.012332642441981200000,0.001493223474239670000,0.085701000562127000000,0.043572724993145500000,0.097154476115031600000,0.024697904499383400000,0.056620488321593100000,0.021652945262203900000,0.020338947992078300000,0.030554129690445300000,0.002282336114223590000,0.001442906468756190000,0.005867790708844910000,0.011817368616643500000,0.015101802483578100000,0.012079025920738500000,0.011659513553377000000,0.014425744136056900000,0.021509067088082800000,0.030747064426061000000,0.005166275242471280000,0.007734754546717570000,0.018328084672545500000,0.011201944201311500000,0.010727001860733400000,0.003262149919693370000,0.089089915220776200000,0.008000688001743340000,0.006998672007347770000,0.003827557163638410000,0.049239754353931500000,0.016206537789636800000,0.016668813802674500000,0.003001217270970560000,0.000450139096536929000,0.024031724244590700000,0.006373740226160230000,0.013325771977278400000,0.010034455144053200000,0.015644835826020900000,0.012917809062409700000,0.001658452075730710000,0.009785738529776260000,0.011741429583355900000,0.007730567267413650000,0.012002894494064400000,0.004696541452280790000,0.012627372813222700000,0.075279277396683800000,0.008920831003389340000,0.008438874027771250000,0.005717482951135530000,0.016715676061637000000,0.020832683907342600000,0.009786309343798820000,0.007723929716150090000,0.014007568829994100000,0.026739284198447300000,0.096821521838224300000,0.017562219661259100000,0.018086403544218500000,0.005643327905900200000,0.011321943890208800000,0.020261792365743900000,0.006285561443866240000,0.016239392926741400000,0.016620729269834300000,0.017860417954074700000,0.008621989245236170000,0.018244984371460100000,0.058691083479551100000,0.007717644496915430000,0.018922372570609000000,0.004488665258499590000,0.012636264208915900000,0.010597429294473000000,0.008771885390132990000,0.008609057800500850000,0.014860826306994200000,0.018232963777047000000,0.009077572499928370000,0.003512869093818460000,0.003710028554424750000,0.016996107624403600000,0.036440980085993800000,0.007942430279691110000,0.003444612324468290000,0.003577885875891520000,0.037530044860313000000,0.017060224452692400000,0.003437231156454450000,0.012100784140991800000,0.007868085969317870000,0.015869774668157300000,0.011230105043215000000,0.135569265647225000000,0.006564165696007240000,0.007151073529151230000,0.003975858428587280000,0.004312514413315060000,0.020307226758076500000,0.016893814103463500000,0.012052383610036200000,0.007766656250123410000,0.022747182867921800000,0.004817319742683370000,0.020917868299742200000,0.020475404384957000000,0.011764411891115900000,0.030893303293792400000
ANAT,0.000863079320395255000,0.015699360436498200000,0.000458265266620451000,0.000616046520028489000,0.000764444496385900000,0.002408672624258270000,1.000000000000000000000,0.004066560437636430000,0.004093702192636420000,0.002724307167088060000,0.002204805224274970000,0.001109145515470580000,0.000518292134042818000,0.001709941869746270000,0.000726068839658366000,0.001687337888801420000,0.002040306674578870000,0.001560781556324080000,0.001410305526135250000,0.000730394261300469000,0.010465479566939800000,0.004327811201720270000,0.003554551386579170000,0.000700574822482537000,0.000604181320785439000,0.000986348769299006000,0.004405361945565400000,0.003342515484344790000,0.005650255133830050000,0.002102791746733280000,0.001119485038315320000,0.004007452597267270000,0.000830394259419382000,0.001478706709153180000,0.010332022704351600000,0.001659050933447630000,0.002734704114172940000,0.007564795735967360000,0.000525184805101550000,0.000707814104205369000,0.000627321255670264000,0.000625647403509908000,0.001501307543204930000,0.003246398275201420000,0.006915902722415050000,0.001152833655961330000,0.004716982407519270000,0.000683744490821071000,0.000577614850906638000,0.000642729432443262000,0.001195954856827810000,0.001146451544909030000,0.001599247627050810000,0.000806418445692959000,0.001365389667956570000,0.000762725433550793000,0.000498269045226103000,0.000764503021990351000,0.001042867351351560000,0.000960828719536310000,0.005971586774331100000,0.002264607397386400000,0.000447749019667178000,0.001365331459880120000,0.002346137040376960000,0.005800467076008760000,0.000477456875987533000,0.001257760093637320000,0.008365643124027070000,0.001243079725729280000,0.000829604412211909000,0.001882854306098210000,0.004033859022835480000,0.004611394012290130000,0.006821732482117710000,0.002617489010056050000,0.005638317821809820000,0.002553297301883090000,0.001176999335108370000,0.008494684805393490000,0.005747039426964530000,0.006731539861717660000,0.002061945468523130000,0.001466163685334730000,0.004505485373759780000,0.001518067322259330000,0.000947109286169584000,0.001036085049859470000,0.001658815784615540000,0.000585774630626773000,0.001661706091790270000,0.001135307715040570000,0.002011151356209490000,0.002314399850011240000,0.001062079464458410000,0.001037942707709000000,0.003044673136787110000,0.005377719814206130000,0.004135107126616760000,0.001281521549162780000,0.000940344941920479000,0.003386481403365820000,0.004781812806468380000,0.003346137526644070000,0.002337315992470840000,0.007130996038863750000,0.004673827149515470000,0.003235990467674590000,0.003494323191370760000,0.114999658242581000000,0.003039342581287850000,0.002423047443432920000,0.000803123741439843000,0.001217485672403370000,0.000687509726444033000,0.000798640867859775000,0.002416317973256660000,0.001311133559511010000,0.015257397234267900000,0.002567926002724470000,0.002964389959678510000,0.000708429449853157000,0.001038158448102610000,0.001306743623481830000,0.000814300950019349000,0.000605218283793963000,0.010544553837048400000,0.000877573980429942000,0.003679905326353380000,0.008685820788441440000,0.001176148332100090000,0.004593473545409100000,0.006373050170486340000,0.000697804855533852000,0.000678329183023710000,0.000864600252695678000,0.002497646364835450000,0.001623853957356290000
AUCD,0.004689875939687640000,0.000534801707720256000,0.011033389512561500000,0.000509791702281352000,0.003477666104959400000,0.026540534356337500000,0.004066560437636430000,1.000000000000000000000,0.030563101780304600000,0.011183927265535700000,0.007033870014010100000,0.008001694319926390000,0.007494071038182090000,0.004117272067576290000,0.037839183849263000000,0.011835820901550400000,0.012505449911367400000,0.006020445238094300000,0.068043039424178400000,0.007718462795178510000,0.002894175994379590000,0.009636312698466290000,0.011731714685327800000,0.006253442746060020000,0.005654792476094900000,0.007099245349633170000,0.014186064836850600000,0.005431482249915630000,0.006908064785027840000,0.000433748774150058000,0.009388839388571980000,0.009441383987810720000,0.006442663883088730000,0.013158999996915000000,0.012341763861764200000,0.021982653098251100000,0.010417049480374700000,0.011777579469010700000,0.002234789691034430000,0.000571059252073236000,0.005663035404679150000,0.029573345152403200000,0.003963805242769950000,0.006808535946539220000,0.007921417105412550000,0.005316155664653710000,0.008840865132240820000,0.005383554123451040000,0.005106057615304100000,0.006790812133794230000,0.010890732007312400000,0.004692803416656070000,0.009024179182095950000,0.003321589153866170000,0.011141607033866400000,0.014260328484542200000,0.003173343130420840000,0.002004874182519130000,0.010074995673557000000,0.007859582789573380000,0.009119050503516400000,0.007568384754056710000,0.000895649244058124000,0.015496099954103200000,0.014587668747782800000,0.008458231501799040000,0.004066315697823020000,0.007665453982730390000,0.005606937822178210000,0.000560807506639080000,0.007843478756294520000,0.004415751618554260000,0.005073696864939780000,0.009964901202731180000,0.004452279867692350000,0.007512735971634060000,0.017806012424538600000,0.010143437303588400000,0.075320901199786100000,0.005894658726797300000,0.007018982201069870000,0.020933069699219100000,0.005299811473005590000,0.003907852185555860000,0.006365371942901450000,0.007718239589046910000,0.011712944632339900000,0.008524006875220710000,0.010576295446442600000,0.003382842621186440000,0.006327123852295940000,0.014316342793834700000,0.005824655157372520000,0.011396783232604900000,0.019380480073790900000,0.021008241914131900000,0.007373011253519170000,0.010636501534461800000,0.015305083806905000000,0.005701540320867390000,0.018607704244186100000,0.002703874693737100000,0.007481383708066790000,0.005667091242168690000,0.004811991241503590000,0.009932791693570750000,0.010622839746824000000,0.013166340872388400000,0.004478692069600770000,0.001575156485732510000,0.004464813398411000000,0.010341218244381700000,0.006677857366858920000,0.004174761802991420000,0.002541692311973880000,0.002645189089160250000,0.015292343415019500000,0.012037690742279800000,0.009325823748515430000,0.006423462702023730000,0.009252279333468550000,0.025889331249637300000,0.006987617473223850000,0.011033010885991000000,0.005201503513863030000,0.005868094312450940000,0.001661935767073400000,0.002298568192365790000,0.008129521332651970000,0.011950476976733000000,0.007179478950930780000,0.007135935137931290000,0.014093195390600500000,0.003212203973378410000,0.005584762370982190000,0.010731578717659500000,0.007977704395614420000,0.013761694634697200000
AUSS,0.016179669746185300000,0.000544100073218567000,0.016550603188691000000,0.001442263495928650000,0.004451825352611550000,0.019494418479291900000,0.004093702192636420000,0.030563101780304600000,1.000000000000000000000,0.010646529864650500000,0.008540684811948560000,0.010900111553443600000,0.005191452354162580000,0.007992250582045070000,0.045288869637509900000,0.007759764557529950000,0.023886291359333300000,0.004934593635674920000,0.078666616631358600000,0.009244560609124620000,0.002731778082678350000,0.009272175296444470000,0.008271534894692290000,0.005042058478045470000,0.011583554601298200000,0.008194583870820150000,0.011449086496118100000,0.008865384815514130000,0.006341721506913920000,0.000439845169609219000,0.007107358438137930000,0.010220749542085500000,0.003498032679828410000,0.017724620062252700000,0.015150186419302600000,0.054407263331170800000,0.010778291099245900000,0.009975137251638150000,0.001784885077156540000,0.006303485728825890000,0.005832976025282910000,0.129679691338661000000,0.004518410848095380000,0.012609521448151300000,0.015451655889749000000,0.010508681337513900000,0.008266661927740710000,0.009905744536358780000,0.005471824283023180000,0.006168981218010220000,0.013072014939577700000,0.011636405506735600000,0.010372408376921100000,0.006785248262363020000,0.013822998785631100000,0.011926897887674600000,0.007263942145478220000,0.003675049017891040000,0.020211587119492100000,0.011229265319500800000,0.016670451459510100000,0.002655852965260120000,0.001451255377818980000,0.011262237682802300000,0.039365334565279000000,0.009565820104740240000,0.001342610376159770000,0.008385401325871590000,0.010106756797248700000,0.005648728877938370000,0.009066853720102550000,0.006093320752899630000,0.007556291956445260000,0.008210524059421890000,0.005448712256980230000,0.013327161599466900000,0.018913188284478500000,0.007861815242763300000,0.053371248864847900000,0.002957470961820130000,0.007940477062204430000,0.017221806422183000000,0.009795406836422280000,0.005797111501827270000,0.008121402556109130000,0.009884563835809550000,0.005563337772509970000,0.006962465331148020000,0.010702644442140500000,0.004148369358184650000,0.007641679826990750000,0.012707352740225800000,0.011233787912679000000,0.009035559878252260000,0.031195629031338300000,0.036947817640261300000,0.009748174270334940000,0.014656013476823900000,0.045399935700244800000,0.003694744570472590000,0.038155711259227100000,0.002622342129119700000,0.015281015649458400000,0.011871509329414800000,0.004907156430758780000,0.006645914817299300000,0.009621100860094060000,0.010084810939037700000,0.002885313559540870000,0.001658642056876970000,0.005590611376598300000,0.008640820927687060000,0.007122236659882510000,0.000886727935275231000,0.003556941740708750000,0.004237035062607970000,0.012010493260289600000,0.010541906010901900000,0.001710912977845180000,0.007879803776121880000,0.007165081315888370000,0.078117546530245600000,0.012203413614468000000,0.008385493899892140000,0.006183605383554770000,0.003686377208459730000,0.001755145758273430000,0.004700898819674600000,0.008551469670500650000,0.010170601668048900000,0.010302516393794400000,0.007502293439686760000,0.016624518856301200000,0.003087656619065170000,0.007926230116128420000,0.011362738570082100000,0.012718239645860200000,0.014109071167746500000
AUST,0.004814652950205580000,0.000474240142826866000,0.011294727318866600000,0.001368168143001770000,0.001938530012680350000,0.015665788040348500000,0.002724307167088060000,0.011183927265535700000,0.010646529864650500000,1.000000000000000000000,0.007992080477543210000,0.011119255908493700000,0.011440790157141200000,0.005879354864780450000,0.005485353754900580000,0.011252437550746800000,0.009201607878635070000,0.003786746108658690000,0.012302354597107100000,0.010645117767514000000,0.001925563273314750000,0.014987465135727200000,0.006691886540052140000,0.009821477288232500000,0.005476543874888350000,0.004114889334810840000,0.009803266644952490000,0.004523327198236050000,0.021858407550585200000,0.000393040596492684000,0.011069744433786300000,0.005931051950634930000,0.005538030929584030000,0.019348066655458000000,0.010490704065668800000,0.007798651695824960000,0.005231181746172850000,0.010946212903209100000,0.003260238399004360000,0.000502533726302244000,0.010596479523369400000,0.003153855868289270000,0.005682855273495260000,0.009737306766622080000,0.006507960114255140000,0.012085175433775700000,0.005814278353995890000,0.005829726220251950000,0.006061593270298150000,0.005405545565765880000,0.007001696223430480000,0.009134338994453470000,0.007942581417581040000,0.002818884771387730000,0.020304356862341700000,0.006446840625480200000,0.008571815660509700000,0.001980482882386980000,0.014679346738122400000,0.008145792456795580000,0.009641998781111120000,0.004344635500817130000,0.000355807318868451000,0.005085531092923510000,0.002798031401196980000,0.007785081472671640000,0.003575460995999060000,0.005792991978838320000,0.010090189777280000000,0.000494577585384371000,0.004776757320279880000,0.019988950929180300000,0.005818045840469460000,0.008358021520771910000,0.003321885227817580000,0.007674802017852050000,0.038870110227571500000,0.005084871115534730000,0.013168387232172100000,0.003207480047509300000,0.005735217621622960000,0.008925574200292810000,0.005749119075879970000,0.005050741642526720000,0.008274386253950680000,0.005964134353800800000,0.008629069940372200000,0.010254126442775500000,0.008954489792741840000,0.005330869386471420000,0.006690702478328310000,0.007055939206809130000,0.014840492863598600000,0.024154856812158700000,0.006065893407783670000,0.009046744294074570000,0.005475980155456450000,0.018197614569727100000,0.024529594810130600000,0.006264726716951680000,0.006086358270475780000,0.001919814143978370000,0.010143505563882800000,0.006049507854382760000,0.008892293637476980000,0.008386708120804240000,0.005292500323361460000,0.008137637500204060000,0.004387098464752380000,0.001144633640430150000,0.003999035460427650000,0.017299799162151700000,0.015227462236079600000,0.002997881774228130000,0.003767709552908300000,0.008136993831484800000,0.272716844822263000000,0.007811286800304440000,0.001169286482457660000,0.008408481841186250000,0.005455338142067830000,0.005813955745322290000,0.010288691195819700000,0.017483533663506500000,0.003487345898284280000,0.003403614519790490000,0.001189778761995550000,0.004431575922981260000,0.007452625417300360000,0.013036695265509100000,0.008011110184875710000,0.004772702370964840000,0.010788350679711600000,0.004815464224462240000,0.010259001410442600000,0.007846488516872950000,0.012596788999943800000,0.098958881063398300000
BASS,0.008677454465909500000,0.001161499938649670000,0.004908305568914170000,0.000411099121122042000,0.000472279822492646000,0.005133651644164880000,0.002204805224274970000,0.007033870014010100000,0.008540684811948560000,0.007992080477543210000,1.000000000000000000000,0.044162449069722300000,0.007106619159867560000,0.003840365010051610000,0.004600920918681130000,0.008341454782231060000,0.006091959497429060000,0.003801566253878920000,0.005519216330177960000,0.004057957180473790000,0.003611701573964910000,0.007299374359954860000,0.005473005653312850000,0.004572147761730860000,0.002388251212254280000,0.006967030394392500000,0.011943581451073100000,0.005576100319575160000,0.006835821890714550000,0.000360178659247461000,0.003602357740884750000,0.004143327102006190000,0.005455888068736960000,0.009004319231928980000,0.004414130339260930000,0.006518113398635950000,0.010834575662505200000,0.008561324949593040000,0.002087624087509360000,0.000450034944538391000,0.003977746010673590000,0.002700226369008840000,0.004249090835630070000,0.006007613079492080000,0.013930635132334300000,0.009851830910564920000,0.007244643542804350000,0.004261866490073350000,0.003225630456754310000,0.004694988757108320000,0.008587954794264530000,0.008308844551708180000,0.006207205548971950000,0.004875608423507120000,0.005329479445161300000,0.003939639549564720000,0.004205787133632030000,0.003684533724946710000,0.006514840188109720000,0.004339128533808880000,0.011183236991509100000,0.004668504440279420000,0.000328661584416144000,0.005535633248940560000,0.004744629942706370000,0.012441149940507200000,0.002948091378947140000,0.005500884882524850000,0.016894356384559500000,0.001281582035528060000,0.002163122566181230000,0.005663547341927780000,0.006546986741596660000,0.004168689315966090000,0.005163514503203150000,0.009957262349371250000,0.009649824636116780000,0.005851885052819490000,0.006615375883199230000,0.009048222854793700000,0.004879449006428660000,0.004693008226328480000,0.003384099994473720000,0.002703748504294660000,0.012410250302241400000,0.004263442901861030000,0.006689212443654480000,0.006603454049381860000,0.006036865802896680000,0.004874197328981360000,0.003403763446111430000,0.008373952778554970000,0.004054041780546470000,0.004929585108784670000,0.004492242891913780000,0.008447131271786010000,0.033051351730565200000,0.007002516474775070000,0.008805593933624390000,0.034219778979187800000,0.004988847885981580000,0.005699195558785670000,0.004683937851171540000,0.004729054558805530000,0.010652517223276100000,0.008858788848527070000,0.004170339900871970000,0.005094940353988200000,0.004944294468738530000,0.001956787870683210000,0.001177001956501780000,0.003975574470358960000,0.003482504676754070000,0.001456695237180440000,0.001785662007142720000,0.002258937063959040000,0.009741116007205280000,0.005150506230279990000,0.000919662104775682000,0.008740703355789090000,0.008028902562867200000,0.003063618090930510000,0.008472563937951730000,0.006747723008994910000,0.004749584471143890000,0.003806664972517100000,0.000932291517451467000,0.003564674935103800000,0.002571953788267060000,0.007178862987893880000,0.005017543521341520000,0.008877562239504530000,0.006436356919518960000,0.004682261493113100000,0.009178722431602890000,0.004377479431053270000,0.006525478547974540000,0.008747303057269820000
